,From_Date,To_Date,PM2.5,SO2,NO2,CO
0,01-01-2018 00:00,02-01-2018 00:00,196.78,26.39,43.73,0.0
1,02-01-2018 00:00,03-01-2018 00:00,139.75,7.59,36.41,0.0
2,03-01-2018 00:00,04-01-2018 00:00,154.7,7.99,37.5,0.0
3,04-01-2018 00:00,05-01-2018 00:00,189.76,18.93,60.85,0.0
4,05-01-2018 00:00,06-01-2018 00:00,153.43,16.58,52.36,0.0
5,06-01-2018 00:00,07-01-2018 00:00,208.87,35.51,62.3,0.0
6,07-01-2018 00:00,08-01-2018 00:00,136.28,17.75,50.28,0.0
7,08-01-2018 00:00,09-01-2018 00:00,103.95,10.38,43.24,0.0
8,09-01-2018 00:00,10-01-2018 00:00,134.85,15.81,52.48,0.66
9,10-01-2018 00:00,11-01-2018 00:00,110.59,9.38,49.39,0.71
10,11-01-2018 00:00,12-01-2018 00:00,99.81,6.19,55.59,0.9
11,12-01-2018 00:00,13-01-2018 00:00,103.76,9.8,56.29,1.15
12,13-01-2018 00:00,14-01-2018 00:00,158.44,27.06,60.77,1.68
13,14-01-2018 00:00,15-01-2018 00:00,139.85,14.23,48.47,0.97
14,15-01-2018 00:00,16-01-2018 00:00,109.74,10.54,44.0,0.56
15,16-01-2018 00:00,17-01-2018 00:00,85.93,4.42,47.86,1.1
16,17-01-2018 00:00,18-01-2018 00:00,145.41,15.37,50.18,0.95
17,18-01-2018 00:00,19-01-2018 00:00,184.85,25.37,74.02,1.57
18,19-01-2018 00:00,20-01-2018 00:00,150.01,37.59,68.0,1.22
19,20-01-2018 00:00,21-01-2018 00:00,97.28,10.36,61.08,0.88
20,21-01-2018 00:00,22-01-2018 00:00,111.77,16.54,82.65,1.19
21,22-01-2018 00:00,23-01-2018 00:00,127.02,20.16,99.23,1.16
22,23-01-2018 00:00,24-01-2018 00:00,109.11,14.11,71.94,1.19
23,24-01-2018 00:00,25-01-2018 00:00,76.79,8.74,47.84,0.46
24,25-01-2018 00:00,26-01-2018 00:00,76.04,6.1,49.04,0.7
25,26-01-2018 00:00,27-01-2018 00:00,75.49,7.06,31.41,0.59
26,27-01-2018 00:00,28-01-2018 00:00,88.27,4.23,42.91,0.7
27,28-01-2018 00:00,29-01-2018 00:00,101.46,8.8,44.88,0.76
28,29-01-2018 00:00,30-01-2018 00:00,94.86,10.69,51.14,0.91
29,30-01-2018 00:00,31-01-2018 00:00,68.7,7.06,42.29,0.99
30,31-01-2018 00:00,01-02-2018 00:00,70.22,6.19,47.16,0.85
31,01-02-2018 00:00,02-02-2018 00:00,83.06,22.58,71.01,1.08
32,02-02-2018 00:00,03-02-2018 00:00,65.46,15.45,50.68,0.8
33,03-02-2018 00:00,04-02-2018 00:00,72.02,14.36,46.75,0.77
34,04-02-2018 00:00,05-02-2018 00:00,70.35,9.89,45.88,0.82
35,05-02-2018 00:00,06-02-2018 00:00,90.03,17.97,60.89,0.99
36,06-02-2018 00:00,07-02-2018 00:00,92.4,16.03,52.49,1.14
37,07-02-2018 00:00,08-02-2018 00:00,86.08,9.24,52.73,0.69
38,08-02-2018 00:00,09-02-2018 00:00,130.36,14.59,61.27,0.61
39,09-02-2018 00:00,10-02-2018 00:00,184.53,10.14,62.34,0.95
40,10-02-2018 00:00,11-02-2018 00:00,198.98,18.81,72.65,1.7
41,11-02-2018 00:00,12-02-2018 00:00,151.72,19.24,51.29,0.92
42,12-02-2018 00:00,13-02-2018 00:00,65.85,4.85,25.99,0.63
43,13-02-2018 00:00,14-02-2018 00:00,108.07,9.4,39.88,2.08
44,14-02-2018 00:00,15-02-2018 00:00,51.2,6.53,25.48,2.86
45,15-02-2018 00:00,16-02-2018 00:00,74.88,10.02,30.58,0.8
46,16-02-2018 00:00,17-02-2018 00:00,98.87,13.31,46.44,1.0
47,17-02-2018 00:00,18-02-2018 00:00,80.91,13.39,50.76,0.84
48,18-02-2018 00:00,19-02-2018 00:00,81.29,12.28,48.2,0.94
49,19-02-2018 00:00,20-02-2018 00:00,138.34,18.48,71.37,1.38
50,20-02-2018 00:00,21-02-2018 00:00,115.48,4.07,61.51,1.32
51,21-02-2018 00:00,22-02-2018 00:00,81.13,16.84,83.52,2.1
52,22-02-2018 00:00,23-02-2018 00:00,83.84,8.63,63.43,1.09
53,23-02-2018 00:00,24-02-2018 00:00,221.07,9.59,54.46,1.91
54,24-02-2018 00:00,25-02-2018 00:00,154.53,6.01,59.34,0.95
55,25-02-2018 00:00,26-02-2018 00:00,105.97,8.46,29.96,0.71
56,26-02-2018 00:00,27-02-2018 00:00,53.59,9.34,21.41,0.79
57,27-02-2018 00:00,28-02-2018 00:00,65.72,10.84,35.49,0.78
58,28-02-2018 00:00,01-03-2018 00:00,124.18,18.42,38.48,1.16
59,01-03-2018 00:00,02-03-2018 00:00,101.82,12.92,42.55,1.07
60,02-03-2018 00:00,03-03-2018 00:00,146.26,22.19,46.91,1.73
61,03-03-2018 00:00,04-03-2018 00:00,65.76,14.67,34.04,0.99
62,04-03-2018 00:00,05-03-2018 00:00,70.95,11.87,30.75,0.85
63,05-03-2018 00:00,06-03-2018 00:00,56.49,10.86,32.98,1.13
64,06-03-2018 00:00,07-03-2018 00:00,65.47,13.03,36.8,0.65
65,07-03-2018 00:00,08-03-2018 00:00,67.11,11.11,39.81,0.85
66,08-03-2018 00:00,09-03-2018 00:00,99.23,14.49,73.61,1.72
67,09-03-2018 00:00,10-03-2018 00:00,96.73,11.24,62.88,1.84
68,10-03-2018 00:00,11-03-2018 00:00,58.81,6.28,40.62,0.76
69,11-03-2018 00:00,12-03-2018 00:00,63.11,14.73,48.34,0.78
70,12-03-2018 00:00,13-03-2018 00:00,73.22,20.35,45.57,0.91
71,13-03-2018 00:00,14-03-2018 00:00,100.77,23.09,54.71,1.2
72,14-03-2018 00:00,15-03-2018 00:00,133.71,50.29,61.52,1.39
73,15-03-2018 00:00,16-03-2018 00:00,113.59,26.1,36.99,0.85
74,16-03-2018 00:00,17-03-2018 00:00,114.17,11.84,26.9,1.22
75,17-03-2018 00:00,18-03-2018 00:00,57.38,7.32,15.32,0.6
76,18-03-2018 00:00,19-03-2018 00:00,65.6,9.98,9.9,0.59
77,19-03-2018 00:00,20-03-2018 00:00,61.03,13.23,39.11,0.64
78,20-03-2018 00:00,21-03-2018 00:00,115.92,26.5,78.89,1.3
79,21-03-2018 00:00,22-03-2018 00:00,127.6,37.74,49.16,0.89
80,22-03-2018 00:00,23-03-2018 00:00,64.67,14.12,38.92,1.07
81,23-03-2018 00:00,24-03-2018 00:00,53.29,9.95,35.24,0.78
82,24-03-2018 00:00,25-03-2018 00:00,78.2,14.03,40.66,0.52
83,25-03-2018 00:00,26-03-2018 00:00,109.02,14.58,38.87,0.71
84,26-03-2018 00:00,27-03-2018 00:00,99.74,16.72,47.52,0.78
85,27-03-2018 00:00,28-03-2018 00:00,101.01,18.94,62.95,2.09
86,28-03-2018 00:00,29-03-2018 00:00,83.64,16.64,55.89,0.88
87,29-03-2018 00:00,30-03-2018 00:00,95.46,8.48,47.48,0.57
88,30-03-2018 00:00,31-03-2018 00:00,99.72,13.26,54.02,0.51
89,31-03-2018 00:00,01-04-2018 00:00,99.36,13.49,40.71,0.51
90,01-04-2018 00:00,02-04-2018 00:00,72.29,12.07,43.33,0.46
91,02-04-2018 00:00,03-04-2018 00:00,91.03,17.95,56.46,0.6
92,03-04-2018 00:00,04-04-2018 00:00,87.27,37.74,54.9,0.68
93,04-04-2018 00:00,05-04-2018 00:00,103.18,19.35,66.58,0.85
94,05-04-2018 00:00,06-04-2018 00:00,135.04,23.11,60.93,1.02
95,06-04-2018 00:00,07-04-2018 00:00,95.71,18.93,49.16,0.38
96,07-04-2018 00:00,08-04-2018 00:00,43.87,7.95,36.18,0.42
97,08-04-2018 00:00,09-04-2018 00:00,48.03,9.84,32.51,0.42
98,09-04-2018 00:00,10-04-2018 00:00,57.27,7.29,41.93,0.55
99,10-04-2018 00:00,11-04-2018 00:00,82.82,12.15,46.05,0.64
100,11-04-2018 00:00,12-04-2018 00:00,65.29,9.15,33.78,0.66
101,12-04-2018 00:00,13-04-2018 00:00,72.25,8.06,45.18,0.56
102,13-04-2018 00:00,14-04-2018 00:00,90.34,14.24,58.57,0.77
103,14-04-2018 00:00,15-04-2018 00:00,77.52,12.51,59.78,0.58
104,15-04-2018 00:00,16-04-2018 00:00,94.94,16.97,71.6,0.64
105,16-04-2018 00:00,17-04-2018 00:00,120.1,21.41,71.5,1.04
106,17-04-2018 00:00,18-04-2018 00:00,109.06,12.2,53.93,0.61
107,18-04-2018 00:00,19-04-2018 00:00,99.58,0.09,48.12,0.55
108,19-04-2018 00:00,20-04-2018 00:00,92.65,12.07,60.15,0.61
109,20-04-2018 00:00,21-04-2018 00:00,151.39,47.23,45.18,0.49
110,21-04-2018 00:00,22-04-2018 00:00,158.73,21.29,38.94,0.55
111,22-04-2018 00:00,23-04-2018 00:00,93.02,16.69,41.38,1.22
112,23-04-2018 00:00,24-04-2018 00:00,67.79,14.02,55.01,0.64
113,24-04-2018 00:00,25-04-2018 00:00,76.59,26.46,77.25,0.73
114,25-04-2018 00:00,26-04-2018 00:00,111.47,25.98,94.7,1.38
115,26-04-2018 00:00,27-04-2018 00:00,153.28,29.44,95.47,0.9
116,27-04-2018 00:00,28-04-2018 00:00,118.82,16.36,44.91,0.63
117,28-04-2018 00:00,29-04-2018 00:00,90.39,17.3,34.76,0.55
118,29-04-2018 00:00,30-04-2018 00:00,94.79,42.7,48.66,0.77
119,30-04-2018 00:00,01-05-2018 00:00,73.57,15.05,54.23,0.55
120,01-05-2018 00:00,02-05-2018 00:00,56.22,9.73,27.53,0.37
121,02-05-2018 00:00,03-05-2018 00:00,69.5,8.48,28.77,0.74
122,03-05-2018 00:00,04-05-2018 00:00,42.72,8.34,26.35,0.22
123,04-05-2018 00:00,05-05-2018 00:00,40.71,10.88,29.09,0.37
124,05-05-2018 00:00,06-05-2018 00:00,70.82,13.92,55.82,0.39
125,06-05-2018 00:00,07-05-2018 00:00,107.53,28.7,64.79,0.3
126,07-05-2018 00:00,08-05-2018 00:00,104.64,30.48,58.51,0.32
127,08-05-2018 00:00,09-05-2018 00:00,72.83,11.9,24.33,0.3
128,09-05-2018 00:00,10-05-2018 00:00,76.59,18.66,64.72,0.38
129,10-05-2018 00:00,11-05-2018 00:00,81.86,18.38,75.73,0.31
130,11-05-2018 00:00,12-05-2018 00:00,128.46,30.25,100.4,0.5
131,12-05-2018 00:00,13-05-2018 00:00,140.56,33.04,93.25,0.41
132,13-05-2018 00:00,14-05-2018 00:00,79.84,13.67,29.98,0.61
133,14-05-2018 00:00,15-05-2018 00:00,50.95,13.72,36.25,0.37
134,15-05-2018 00:00,16-05-2018 00:00,71.98,18.51,25.38,1.11
135,16-05-2018 00:00,17-05-2018 00:00,83.49,12.81,23.05,1.05
136,17-05-2018 00:00,18-05-2018 00:00,139.0,16.01,22.12,0.8
137,18-05-2018 00:00,19-05-2018 00:00,113.01,17.5,26.38,1.2
138,19-05-2018 00:00,20-05-2018 00:00,122.08,23.12,25.95,1.26
139,20-05-2018 00:00,21-05-2018 00:00,118.16,17.01,12.23,1.65
140,21-05-2018 00:00,22-05-2018 00:00,91.03,13.59,21.28,0.88
141,22-05-2018 00:00,23-05-2018 00:00,103.41,15.13,28.28,1.26
142,23-05-2018 00:00,24-05-2018 00:00,170.66,20.63,28.31,1.66
143,24-05-2018 00:00,25-05-2018 00:00,136.25,20.95,20.29,0.86
144,25-05-2018 00:00,26-05-2018 00:00,100.93,19.79,21.45,0.85
145,26-05-2018 00:00,27-05-2018 00:00,103.96,21.85,26.52,0.87
146,27-05-2018 00:00,28-05-2018 00:00,132.46,21.48,23.85,0.86
147,28-05-2018 00:00,29-05-2018 00:00,151.48,18.42,22.01,1.13
148,29-05-2018 00:00,30-05-2018 00:00,126.45,13.63,18.88,0.98
149,30-05-2018 00:00,31-05-2018 00:00,78.01,2.24,13.79,0.52
150,31-05-2018 00:00,01-06-2018 00:00,88.48,7.66,24.74,0.71
151,01-06-2018 00:00,02-06-2018 00:00,90.17,6.12,21.68,0.76
152,02-06-2018 00:00,03-06-2018 00:00,52.85,7.27,24.77,0.64
153,03-06-2018 00:00,04-06-2018 00:00,54.13,7.05,22.15,0.64
154,04-06-2018 00:00,05-06-2018 00:00,68.03,4.59,20.89,0.87
155,05-06-2018 00:00,06-06-2018 00:00,48.98,4.7,21.01,0.58
156,06-06-2018 00:00,07-06-2018 00:00,55.55,14.97,16.34,0.89
157,07-06-2018 00:00,08-06-2018 00:00,62.57,29.31,25.12,0.69
158,08-06-2018 00:00,09-06-2018 00:00,65.17,13.82,19.99,0.71
159,09-06-2018 00:00,10-06-2018 00:00,50.21,17.14,14.41,0.76
160,10-06-2018 00:00,11-06-2018 00:00,74.48,22.24,16.63,1.55
161,11-06-2018 00:00,12-06-2018 00:00,92.29,10.5,26.77,0.81
162,12-06-2018 00:00,13-06-2018 00:00,222.47,21.77,40.21,0.91
163,13-06-2018 00:00,14-06-2018 00:00,544.01,17.8,27.43,0.64
164,14-06-2018 00:00,15-06-2018 00:00,439.25,20.39,26.92,0.92
165,15-06-2018 00:00,16-06-2018 00:00,304.17,17.88,28.57,0.46
166,16-06-2018 00:00,17-06-2018 00:00,222.22,9.57,30.91,0.48
167,17-06-2018 00:00,18-06-2018 00:00,97.06,8.74,24.48,0.65
168,18-06-2018 00:00,19-06-2018 00:00,86.28,10.44,36.85,0.82
169,19-06-2018 00:00,20-06-2018 00:00,55.87,7.72,29.53,0.67
170,20-06-2018 00:00,21-06-2018 00:00,71.68,11.59,40.66,0.79
171,21-06-2018 00:00,22-06-2018 00:00,90.55,10.09,42.95,0.73
172,22-06-2018 00:00,23-06-2018 00:00,99.18,17.59,63.41,0.89
173,23-06-2018 00:00,24-06-2018 00:00,85.28,20.39,59.04,1.52
174,24-06-2018 00:00,25-06-2018 00:00,62.35,16.05,36.57,0.67
175,25-06-2018 00:00,26-06-2018 00:00,87.87,16.63,43.45,0.65
176,26-06-2018 00:00,27-06-2018 00:00,62.96,13.74,39.83,0.65
177,27-06-2018 00:00,28-06-2018 00:00,65.18,12.18,29.29,0.96
178,28-06-2018 00:00,29-06-2018 00:00,45.57,11.68,29.72,0.62
179,29-06-2018 00:00,30-06-2018 00:00,41.17,7.42,23.06,0.53
180,30-06-2018 00:00,01-07-2018 00:00,51.81,7.47,13.52,0.44
181,01-07-2018 00:00,02-07-2018 00:00,57.1,7.84,38.61,0.35
182,02-07-2018 00:00,03-07-2018 00:00,51.54,5.78,34.11,0.41
183,03-07-2018 00:00,04-07-2018 00:00,58.47,8.51,50.53,0.57
184,04-07-2018 00:00,05-07-2018 00:00,61.39,6.68,38.21,0.35
185,05-07-2018 00:00,06-07-2018 00:00,63.96,8.92,38.82,0.62
186,06-07-2018 00:00,07-07-2018 00:00,86.2,10.72,36.68,0.55
187,07-07-2018 00:00,08-07-2018 00:00,84.05,9.24,38.12,0.4
188,08-07-2018 00:00,09-07-2018 00:00,24.66,6.49,74.95,1.1
189,09-07-2018 00:00,10-07-2018 00:00,72.89,13.03,39.0,0.69
190,10-07-2018 00:00,11-07-2018 00:00,63.81,19.17,32.95,0.41
191,11-07-2018 00:00,12-07-2018 00:00,53.99,23.77,43.5,0.7
192,12-07-2018 00:00,13-07-2018 00:00,73.77,28.28,54.32,0.45
193,13-07-2018 00:00,14-07-2018 00:00,44.6,21.61,41.2,0.62
194,14-07-2018 00:00,15-07-2018 00:00,48.39,15.91,36.6,0.56
195,15-07-2018 00:00,16-07-2018 00:00,47.8,9.46,40.69,0.61
196,16-07-2018 00:00,17-07-2018 00:00,64.84,9.47,25.47,0.55
197,17-07-2018 00:00,18-07-2018 00:00,47.91,8.71,33.6,0.44
198,18-07-2018 00:00,19-07-2018 00:00,54.39,6.86,52.42,0.56
199,19-07-2018 00:00,20-07-2018 00:00,59.92,7.95,30.39,0.43
200,20-07-2018 00:00,21-07-2018 00:00,59.89,11.63,29.87,0.5
201,21-07-2018 00:00,22-07-2018 00:00,70.51,13.14,38.67,0.69
202,22-07-2018 00:00,23-07-2018 00:00,38.52,11.75,35.52,0.42
203,23-07-2018 00:00,24-07-2018 00:00,68.21,12.21,31.21,0.56
204,24-07-2018 00:00,25-07-2018 00:00,54.02,11.07,26.37,0.56
205,25-07-2018 00:00,26-07-2018 00:00,45.52,11.52,30.5,0.51
206,26-07-2018 00:00,27-07-2018 00:00,38.77,12.12,27.43,0.62
207,27-07-2018 00:00,28-07-2018 00:00,35.92,12.82,20.83,0.6
208,28-07-2018 00:00,29-07-2018 00:00,41.94,10.13,26.06,0.8
209,29-07-2018 00:00,30-07-2018 00:00,55.64,14.94,17.46,0.49
210,30-07-2018 00:00,31-07-2018 00:00,52.01,11.07,42.87,0.54
211,31-07-2018 00:00,01-08-2018 00:00,62.91,11.56,25.61,0.7
212,01-08-2018 00:00,02-08-2018 00:00,76.5,13.48,35.41,0.53
213,02-08-2018 00:00,03-08-2018 00:00,92.24,14.48,19.0,0.53
214,03-08-2018 00:00,04-08-2018 00:00,78.46,13.4,39.42,0.38
215,04-08-2018 00:00,05-08-2018 00:00,89.92,12.21,27.8,0.64
216,05-08-2018 00:00,06-08-2018 00:00,77.53,13.17,24.35,0.57
217,06-08-2018 00:00,07-08-2018 00:00,58.29,11.99,19.64,0.54
218,07-08-2018 00:00,08-08-2018 00:00,40.35,10.51,22.51,0.58
219,08-08-2018 00:00,09-08-2018 00:00,39.17,10.75,21.76,0.54
220,09-08-2018 00:00,10-08-2018 00:00,38.34,8.83,20.93,0.56
221,10-08-2018 00:00,11-08-2018 00:00,62.94,12.0,24.97,0.6
222,11-08-2018 00:00,12-08-2018 00:00,50.2,8.81,34.1,0.38
223,12-08-2018 00:00,13-08-2018 00:00,49.28,7.39,13.2,0.52
224,13-08-2018 00:00,14-08-2018 00:00,53.76,10.01,14.97,0.56
225,14-08-2018 00:00,15-08-2018 00:00,64.14,9.9,13.78,0.56
226,15-08-2018 00:00,16-08-2018 00:00,64.23,3.92,32.596000000000004,0.75
227,16-08-2018 00:00,17-08-2018 00:00,58.07,7.46,24.72,0.61
228,17-08-2018 00:00,18-08-2018 00:00,41.97,8.58,31.84,0.76
229,18-08-2018 00:00,19-08-2018 00:00,39.96,8.3,26.82,0.4
230,19-08-2018 00:00,20-08-2018 00:00,57.47,10.45,33.22,0.53
231,20-08-2018 00:00,21-08-2018 00:00,55.78,15.1,27.37,0.66
232,21-08-2018 00:00,22-08-2018 00:00,33.11,9.26,39.08,0.46
233,22-08-2018 00:00,23-08-2018 00:00,38.35,8.39,28.1,0.5
234,23-08-2018 00:00,24-08-2018 00:00,39.9,7.26,22.02,0.62
235,24-08-2018 00:00,25-08-2018 00:00,37.23,7.89,26.23,0.61
236,25-08-2018 00:00,26-08-2018 00:00,25.4,13.5,29.23,0.58
237,26-08-2018 00:00,27-08-2018 00:00,94.84764565992865,13.360843731431968,50.20041666666666,1.0464289958407604
238,27-08-2018 00:00,28-08-2018 00:00,94.84764565992865,13.360843731431968,50.20041666666666,1.0464289958407604
239,28-08-2018 00:00,29-08-2018 00:00,36.92,3.0,79.95,1.26
240,29-08-2018 00:00,30-08-2018 00:00,48.24,4.71,46.57,1.75
241,30-08-2018 00:00,31-08-2018 00:00,37.9,7.39,17.34,0.31
242,31-08-2018 00:00,01-09-2018 00:00,41.5,10.78,26.64,0.49
243,01-09-2018 00:00,02-09-2018 00:00,44.16,15.61,21.5,0.59
244,02-09-2018 00:00,03-09-2018 00:00,33.902,15.65,17.8,0.75
245,03-09-2018 00:00,04-09-2018 00:00,6.65,14.11,19.62,0.56
246,04-09-2018 00:00,05-09-2018 00:00,58.73,22.86,22.94,0.65
247,05-09-2018 00:00,06-09-2018 00:00,47.91,11.07,25.93,0.72
248,06-09-2018 00:00,07-09-2018 00:00,41.43,11.33,28.53,0.56
249,07-09-2018 00:00,08-09-2018 00:00,65.55,11.99,31.75,0.63
250,08-09-2018 00:00,09-09-2018 00:00,46.89,8.42,23.68,0.57
251,09-09-2018 00:00,10-09-2018 00:00,29.95,2.87,41.73,0.65
252,10-09-2018 00:00,11-09-2018 00:00,36.01,3.79,24.36,0.79
253,11-09-2018 00:00,12-09-2018 00:00,29.86,12.0,20.37,0.81
254,12-09-2018 00:00,13-09-2018 00:00,37.71,14.48,21.84,0.73
255,13-09-2018 00:00,14-09-2018 00:00,34.7,14.12,20.58,0.7
256,14-09-2018 00:00,15-09-2018 00:00,34.77,14.13,20.69,0.62
257,15-09-2018 00:00,16-09-2018 00:00,34.38,13.37,26.21,0.64
258,16-09-2018 00:00,17-09-2018 00:00,49.34,9.24,23.31,0.51
259,17-09-2018 00:00,18-09-2018 00:00,52.94,8.7,22.74,0.69
260,18-09-2018 00:00,19-09-2018 00:00,56.72,10.92,24.74,0.8
261,19-09-2018 00:00,20-09-2018 00:00,47.01,11.31,39.54,0.88
262,20-09-2018 00:00,21-09-2018 00:00,56.49,12.17,30.39,0.68
263,21-09-2018 00:00,22-09-2018 00:00,45.77,13.43,21.7,0.62
264,22-09-2018 00:00,23-09-2018 00:00,27.61,9.9,19.31,0.58
265,23-09-2018 00:00,24-09-2018 00:00,32.31,10.26,22.06,0.49
266,24-09-2018 00:00,25-09-2018 00:00,31.58,11.65,21.02,0.58
267,25-09-2018 00:00,26-09-2018 00:00,17.45,10.86,27.17,0.58
268,26-09-2018 00:00,27-09-2018 00:00,17.7,12.94,36.75,0.81
269,27-09-2018 00:00,28-09-2018 00:00,40.65,15.84,29.14,0.8
270,28-09-2018 00:00,29-09-2018 00:00,80.59,19.15,40.7,0.94
271,29-09-2018 00:00,30-09-2018 00:00,122.13,18.59,55.19,1.31
272,30-09-2018 00:00,01-10-2018 00:00,29.28,8.24,27.92,0.62
273,01-10-2018 00:00,02-10-2018 00:00,39.88,14.23,31.97,0.69
274,02-10-2018 00:00,03-10-2018 00:00,53.01,16.67,41.77,0.52
275,03-10-2018 00:00,04-10-2018 00:00,54.19,20.61,44.73,0.78
276,04-10-2018 00:00,05-10-2018 00:00,89.61,20.97,47.66,1.04
277,05-10-2018 00:00,06-10-2018 00:00,104.06,25.66,40.79,1.16
278,06-10-2018 00:00,07-10-2018 00:00,44.28,18.92,39.72,0.66
279,07-10-2018 00:00,08-10-2018 00:00,58.77,14.7,38.66,1.91
280,08-10-2018 00:00,09-10-2018 00:00,88.23,18.01,47.87,2.04
281,09-10-2018 00:00,10-10-2018 00:00,64.98,22.47,46.76,2.17
282,10-10-2018 00:00,11-10-2018 00:00,61.09,19.82,43.8,0.77
283,11-10-2018 00:00,12-10-2018 00:00,44.74,11.8,39.09,0.67
284,12-10-2018 00:00,13-10-2018 00:00,56.42,7.39,39.91,0.82
285,13-10-2018 00:00,14-10-2018 00:00,91.76,11.5,51.97,0.87
286,14-10-2018 00:00,15-10-2018 00:00,51.47,13.05,52.6,0.74
287,15-10-2018 00:00,16-10-2018 00:00,76.57,14.7,58.02,1.04
288,16-10-2018 00:00,17-10-2018 00:00,77.09,19.15,72.85,1.32
289,17-10-2018 00:00,18-10-2018 00:00,33.32,13.98,58.03,0.86
290,18-10-2018 00:00,19-10-2018 00:00,87.59,21.23,64.97,1.32
291,19-10-2018 00:00,20-10-2018 00:00,73.63,23.48,62.31,1.27
292,20-10-2018 00:00,21-10-2018 00:00,90.12,17.9,48.88,0.84
293,21-10-2018 00:00,22-10-2018 00:00,73.68,18.29,55.58,1.01
294,22-10-2018 00:00,23-10-2018 00:00,51.42,16.32,70.34,0.96
295,23-10-2018 00:00,24-10-2018 00:00,55.91,19.04,80.51,1.13
296,24-10-2018 00:00,25-10-2018 00:00,86.33,26.95,76.86,1.37
297,25-10-2018 00:00,26-10-2018 00:00,71.36,25.46,48.22,1.4
298,26-10-2018 00:00,27-10-2018 00:00,96.73,26.22,54.4,1.75
299,27-10-2018 00:00,28-10-2018 00:00,110.56,29.88,68.95,1.76
300,28-10-2018 00:00,29-10-2018 00:00,110.27,18.89,48.06,0.38
301,29-10-2018 00:00,30-10-2018 00:00,98.87,32.73,61.22,0.95
302,30-10-2018 00:00,31-10-2018 00:00,168.96,34.29,103.2,1.48
303,31-10-2018 00:00,01-11-2018 00:00,183.58,33.19,78.3,1.15
304,01-11-2018 00:00,02-11-2018 00:00,186.25,32.5,64.7,0.98
305,02-11-2018 00:00,03-11-2018 00:00,159.78,21.38,69.33,0.95
306,03-11-2018 00:00,04-11-2018 00:00,116.04,9.97,46.92,0.8
307,04-11-2018 00:00,05-11-2018 00:00,69.02,8.71,24.13,0.62
308,05-11-2018 00:00,06-11-2018 00:00,231.91,18.42,39.47,1.0
309,06-11-2018 00:00,07-11-2018 00:00,135.67,21.94,44.68,0.74
310,07-11-2018 00:00,08-11-2018 00:00,155.78,29.8,52.31,1.38
311,08-11-2018 00:00,09-11-2018 00:00,401.26,41.68,71.59,0.89
312,09-11-2018 00:00,10-11-2018 00:00,253.13,35.28,71.92,2.3
313,10-11-2018 00:00,11-11-2018 00:00,226.56,20.46,90.47,2.35
314,11-11-2018 00:00,12-11-2018 00:00,192.03,14.94,73.59,2.0
315,12-11-2018 00:00,13-11-2018 00:00,191.45,20.31,65.85,2.08
316,13-11-2018 00:00,14-11-2018 00:00,224.32,42.35,90.71,2.42
317,14-11-2018 00:00,15-11-2018 00:00,118.06,26.66,61.18,1.26
318,15-11-2018 00:00,16-11-2018 00:00,74.77,15.56,44.01,0.83
319,16-11-2018 00:00,17-11-2018 00:00,86.43,11.4,43.71,0.71
320,17-11-2018 00:00,18-11-2018 00:00,103.59,11.84,54.47,1.16
321,18-11-2018 00:00,19-11-2018 00:00,148.3,14.76,75.72,0.98
322,19-11-2018 00:00,20-11-2018 00:00,149.29,13.41,61.27,0.29
323,20-11-2018 00:00,21-11-2018 00:00,169.74,14.8,78.91,1.7
324,21-11-2018 00:00,22-11-2018 00:00,163.02,13.06,70.8,0.97
325,22-11-2018 00:00,23-11-2018 00:00,89.77,12.66,80.81,1.49
326,23-11-2018 00:00,24-11-2018 00:00,132.07,14.51,70.64,1.37
327,24-11-2018 00:00,25-11-2018 00:00,86.04,15.35,54.43,0.99
328,25-11-2018 00:00,26-11-2018 00:00,105.83,20.34,68.96,1.3
329,26-11-2018 00:00,27-11-2018 00:00,128.28,27.38,80.5,2.27
330,27-11-2018 00:00,28-11-2018 00:00,174.74,46.84,118.56,3.07
331,28-11-2018 00:00,29-11-2018 00:00,172.4,33.34,95.76,2.15
332,29-11-2018 00:00,30-11-2018 00:00,171.81,19.75,74.53,1.46
333,30-11-2018 00:00,01-12-2018 00:00,132.71,16.29,69.8,1.11
334,01-12-2018 00:00,02-12-2018 00:00,101.62,15.51,72.4,1.12
335,02-12-2018 00:00,03-12-2018 00:00,151.36,21.64,113.93,2.49
336,03-12-2018 00:00,04-12-2018 00:00,126.72,15.06,81.74,2.05
337,04-12-2018 00:00,05-12-2018 00:00,210.65,16.59,101.34,2.39
338,05-12-2018 00:00,06-12-2018 00:00,139.51,26.66,73.07,1.95
339,06-12-2018 00:00,07-12-2018 00:00,182.17,19.95,73.29,2.0
340,07-12-2018 00:00,08-12-2018 00:00,138.92,16.75,61.35,1.06
341,08-12-2018 00:00,09-12-2018 00:00,684.93,14.08,69.21,1.36
342,09-12-2018 00:00,10-12-2018 00:00,198.11,13.47,78.57,1.54
343,10-12-2018 00:00,11-12-2018 00:00,222.14,20.91,76.34,1.62
344,11-12-2018 00:00,12-12-2018 00:00,240.77,39.32,98.76,2.5
345,12-12-2018 00:00,13-12-2018 00:00,117.63,21.48,74.43,1.4
346,13-12-2018 00:00,14-12-2018 00:00,112.31,15.92,30.64,1.0
347,14-12-2018 00:00,15-12-2018 00:00,99.63,11.45,41.06,1.0
348,15-12-2018 00:00,16-12-2018 00:00,116.77,13.86,50.35,0.97
349,16-12-2018 00:00,17-12-2018 00:00,176.72,15.22,66.2,0.87
350,17-12-2018 00:00,18-12-2018 00:00,170.69,8.55,65.3,1.25
351,18-12-2018 00:00,19-12-2018 00:00,184.34,9.2,70.41,1.21
352,19-12-2018 00:00,20-12-2018 00:00,200.76,15.76,70.95,1.45
353,20-12-2018 00:00,21-12-2018 00:00,246.05,20.97,78.73,1.91
354,21-12-2018 00:00,22-12-2018 00:00,188.43,16.43,75.54,1.41
355,22-12-2018 00:00,23-12-2018 00:00,320.87,28.53,94.31,2.17
356,23-12-2018 00:00,24-12-2018 00:00,377.1,48.44,83.68,3.3
357,24-12-2018 00:00,25-12-2018 00:00,380.6,37.08,79.46,2.42
358,25-12-2018 00:00,26-12-2018 00:00,217.72,15.4,64.32,1.54
359,26-12-2018 00:00,27-12-2018 00:00,214.06,19.4,73.8,2.17
360,27-12-2018 00:00,28-12-2018 00:00,299.8,36.76,86.81,2.83
361,28-12-2018 00:00,29-12-2018 00:00,225.49,4.07,60.41,1.66
362,29-12-2018 00:00,30-12-2018 00:00,227.76,6.53,70.56,1.85
363,30-12-2018 00:00,31-12-2018 00:00,364.82,13.78,83.68,2.83
364,31-12-2018 00:00,01-01-2019 00:00,301.77,12.18,68.9,2.11
365,01-01-2019 00:00,02-01-2019 00:00,264.36,11.74,79.81,2.18
366,02-01-2019 00:00,03-01-2019 00:00,330.17,17.23,89.47,0.76
367,03-01-2019 00:00,04-01-2019 00:00,338.6,10.58,74.57,0.42
368,04-01-2019 00:00,05-01-2019 00:00,263.32,4.39,58.16,2.19
369,05-01-2019 00:00,06-01-2019 00:00,245.58,6.24,53.96,1.74
370,06-01-2019 00:00,07-01-2019 00:00,179.5,4.73,44.91,0.84
371,07-01-2019 00:00,08-01-2019 00:00,163.83,6.23,53.35,0.77
372,08-01-2019 00:00,09-01-2019 00:00,133.22,4.7,50.98,0.58
373,09-01-2019 00:00,10-01-2019 00:00,132.94,3.66,50.25,0.63
374,10-01-2019 00:00,11-01-2019 00:00,154.71,4.63,53.82,0.99
375,11-01-2019 00:00,12-01-2019 00:00,293.38,13.39,67.21,1.88
376,12-01-2019 00:00,13-01-2019 00:00,415.22,24.8,97.59,2.72
377,13-01-2019 00:00,14-01-2019 00:00,318.02,21.51,74.28,1.6
378,14-01-2019 00:00,15-01-2019 00:00,82.98,6.26,39.14,0.65
379,15-01-2019 00:00,16-01-2019 00:00,127.71,4.99,56.17,1.04
380,16-01-2019 00:00,17-01-2019 00:00,267.0,13.11,83.24,1.68
381,17-01-2019 00:00,18-01-2019 00:00,395.11,21.09,82.51,1.98
382,18-01-2019 00:00,19-01-2019 00:00,216.48,9.46,70.49,1.6
383,19-01-2019 00:00,20-01-2019 00:00,264.59,13.35,88.41,1.44
384,20-01-2019 00:00,21-01-2019 00:00,366.34,25.81,119.64,2.7
385,21-01-2019 00:00,22-01-2019 00:00,212.98,22.68,58.63,1.53
386,22-01-2019 00:00,23-01-2019 00:00,44.65,5.9,34.64,1.07
387,23-01-2019 00:00,24-01-2019 00:00,142.72,7.69,42.94,1.35
388,24-01-2019 00:00,25-01-2019 00:00,153.19,8.14,39.36,0.95
389,25-01-2019 00:00,26-01-2019 00:00,72.51,3.79,35.12,0.39
390,26-01-2019 00:00,27-01-2019 00:00,85.16,4.23,37.07,0.69
391,27-01-2019 00:00,28-01-2019 00:00,114.55,3.49,47.13,0.63
392,28-01-2019 00:00,29-01-2019 00:00,105.8,4.24,52.42,0.68
393,29-01-2019 00:00,30-01-2019 00:00,124.43,6.61,61.1,0.91
394,30-01-2019 00:00,31-01-2019 00:00,198.33,12.87,87.58,1.36
395,31-01-2019 00:00,01-02-2019 00:00,252.01,28.24,73.74,1.33
396,01-02-2019 00:00,02-02-2019 00:00,177.49,14.83,49.45,0.88
397,02-02-2019 00:00,03-02-2019 00:00,193.87,7.39,39.35,0.97
398,03-02-2019 00:00,04-02-2019 00:00,148.39,7.11,35.55,1.06
399,04-02-2019 00:00,05-02-2019 00:00,189.49,13.37,64.62,1.26
400,05-02-2019 00:00,06-02-2019 00:00,291.02,25.24,97.06,2.49
401,06-02-2019 00:00,07-02-2019 00:00,177.97,17.27,49.07,0.98
402,07-02-2019 00:00,08-02-2019 00:00,62.11,6.84,25.08,0.7
403,08-02-2019 00:00,09-02-2019 00:00,81.54,5.75,32.55,0.5
404,09-02-2019 00:00,10-02-2019 00:00,83.81,4.49,38.17,0.94
405,10-02-2019 00:00,11-02-2019 00:00,116.7,5.49,49.13,0.89
406,11-02-2019 00:00,12-02-2019 00:00,161.63,8.17,49.56,1.25
407,12-02-2019 00:00,13-02-2019 00:00,203.64,11.39,56.63,1.16
408,13-02-2019 00:00,14-02-2019 00:00,215.32,12.61,67.15,1.5
409,14-02-2019 00:00,15-02-2019 00:00,162.11,13.17,43.66,1.09
410,15-02-2019 00:00,16-02-2019 00:00,115.5,8.72,33.73,1.1
411,16-02-2019 00:00,17-02-2019 00:00,107.5,4.27,30.64,1.03
412,17-02-2019 00:00,18-02-2019 00:00,103.19,7.41,33.08,1.07
413,18-02-2019 00:00,19-02-2019 00:00,112.85,10.52,47.21,0.79
414,19-02-2019 00:00,20-02-2019 00:00,130.17,10.08,49.99,1.31
415,20-02-2019 00:00,21-02-2019 00:00,101.77,10.89,46.85,0.93
416,21-02-2019 00:00,22-02-2019 00:00,97.88,11.82,44.04,1.77
417,22-02-2019 00:00,23-02-2019 00:00,77.27,7.59,28.07,0.76
418,23-02-2019 00:00,24-02-2019 00:00,46.33,2.66,27.25,0.52
419,24-02-2019 00:00,25-02-2019 00:00,66.92,4.28,39.83,0.55
420,25-02-2019 00:00,26-02-2019 00:00,131.11,10.66,60.39,0.69
421,26-02-2019 00:00,27-02-2019 00:00,68.36,8.7,45.64,0.95
422,27-02-2019 00:00,28-02-2019 00:00,53.99,4.87,29.5,0.69
423,28-02-2019 00:00,01-03-2019 00:00,114.74,7.53,41.81,0.69
424,01-03-2019 00:00,02-03-2019 00:00,82.87,8.24,48.2,0.7
425,02-03-2019 00:00,03-03-2019 00:00,100.23,9.95,54.16,1.13
426,03-03-2019 00:00,04-03-2019 00:00,51.48,4.92,34.55,1.49
427,04-03-2019 00:00,05-03-2019 00:00,130.3,10.77,37.39,1.25
428,05-03-2019 00:00,06-03-2019 00:00,66.92,5.02,31.37,0.96
429,06-03-2019 00:00,07-03-2019 00:00,78.22,6.3,38.07,0.91
430,07-03-2019 00:00,08-03-2019 00:00,95.17,8.76,44.19,1.19
431,08-03-2019 00:00,09-03-2019 00:00,114.36,9.91,40.67,1.15
432,09-03-2019 00:00,10-03-2019 00:00,74.38,7.09,32.54,1.07
433,10-03-2019 00:00,11-03-2019 00:00,84.34,6.62,37.12,0.86
434,11-03-2019 00:00,12-03-2019 00:00,101.05,7.34,42.25,1.01
435,12-03-2019 00:00,13-03-2019 00:00,70.64,6.46,21.54,0.74
436,13-03-2019 00:00,14-03-2019 00:00,116.31,11.72,38.34,1.0
437,14-03-2019 00:00,15-03-2019 00:00,128.32,14.85,35.61,0.93
438,15-03-2019 00:00,16-03-2019 00:00,58.79,8.06,44.21,0.65
439,16-03-2019 00:00,17-03-2019 00:00,60.52,3.79,43.76,0.64
440,17-03-2019 00:00,18-03-2019 00:00,87.12,6.92,40.62,0.56
441,18-03-2019 00:00,19-03-2019 00:00,98.37,16.33,58.57,0.87
442,19-03-2019 00:00,20-03-2019 00:00,90.25,29.88,66.55,1.03
443,20-03-2019 00:00,21-03-2019 00:00,101.53,45.66,65.87,1.1
444,21-03-2019 00:00,22-03-2019 00:00,127.11,35.5,35.05,1.05
445,22-03-2019 00:00,23-03-2019 00:00,50.67,24.8,29.93,0.5
446,23-03-2019 00:00,24-03-2019 00:00,56.22,20.09,35.58,0.61
447,24-03-2019 00:00,25-03-2019 00:00,56.68,27.37,39.42,0.69
448,25-03-2019 00:00,26-03-2019 00:00,71.9,24.38,38.76,0.58
449,26-03-2019 00:00,27-03-2019 00:00,74.39,19.57,47.75,0.58
450,27-03-2019 00:00,28-03-2019 00:00,78.62,16.45,57.53,0.73
451,28-03-2019 00:00,29-03-2019 00:00,131.25,18.66,73.43,1.09
452,29-03-2019 00:00,30-03-2019 00:00,188.46,18.71,71.66,1.1
453,30-03-2019 00:00,31-03-2019 00:00,161.76,23.84,58.76,0.86
454,31-03-2019 00:00,01-04-2019 00:00,77.67,14.59,34.32,0.41
455,01-04-2019 00:00,02-04-2019 00:00,58.46,11.47,36.48,0.51
456,02-04-2019 00:00,03-04-2019 00:00,105.23,19.79,47.55,0.83
457,03-04-2019 00:00,04-04-2019 00:00,87.42,23.0,54.69,1.07
458,04-04-2019 00:00,05-04-2019 00:00,157.15,39.45,61.26,1.46
459,05-04-2019 00:00,06-04-2019 00:00,179.51,18.0,55.36,1.28
460,06-04-2019 00:00,07-04-2019 00:00,137.38,8.79,48.31,1.16
461,07-04-2019 00:00,08-04-2019 00:00,193.41,3.69,21.0,1.15
462,08-04-2019 00:00,09-04-2019 00:00,148.35,3.14,38.7,0.88
463,09-04-2019 00:00,10-04-2019 00:00,112.2,8.72,43.65,1.18
464,10-04-2019 00:00,11-04-2019 00:00,132.29,12.64,41.33,1.1
465,11-04-2019 00:00,12-04-2019 00:00,112.5,11.85,34.62,0.97
466,12-04-2019 00:00,13-04-2019 00:00,106.66,12.23,34.8,0.73
467,13-04-2019 00:00,14-04-2019 00:00,67.73,12.64,30.16,0.55
468,14-04-2019 00:00,15-04-2019 00:00,75.25,11.88,29.34,0.6
469,15-04-2019 00:00,16-04-2019 00:00,66.73,10.1,38.58,1.03
470,16-04-2019 00:00,17-04-2019 00:00,104.05,7.36,21.48,0.75
471,17-04-2019 00:00,18-04-2019 00:00,38.4,8.99,18.72,0.69
472,18-04-2019 00:00,19-04-2019 00:00,62.13,16.03,34.1,0.99
473,19-04-2019 00:00,20-04-2019 00:00,89.24,20.14,40.89,0.93
474,20-04-2019 00:00,21-04-2019 00:00,98.09,31.37,46.35,1.16
475,21-04-2019 00:00,22-04-2019 00:00,120.66,32.1,51.11,1.57
476,22-04-2019 00:00,23-04-2019 00:00,119.5,30.96,54.01,1.48
477,23-04-2019 00:00,24-04-2019 00:00,103.02,20.16,50.86,1.41
478,24-04-2019 00:00,25-04-2019 00:00,105.28,15.19,43.82,0.95
479,25-04-2019 00:00,26-04-2019 00:00,106.99,12.61,29.87,0.85
480,26-04-2019 00:00,27-04-2019 00:00,120.54,20.37,39.16,0.93
481,27-04-2019 00:00,28-04-2019 00:00,128.54,19.43,36.25,0.6
482,28-04-2019 00:00,29-04-2019 00:00,124.58,10.39,36.85,0.67
483,29-04-2019 00:00,30-04-2019 00:00,116.16,9.98,45.33,0.78
484,30-04-2019 00:00,01-05-2019 00:00,131.61,23.01,39.93,0.84
485,01-05-2019 00:00,02-05-2019 00:00,155.17,37.13,35.43,0.86
486,02-05-2019 00:00,03-05-2019 00:00,97.28,7.42,25.49,0.88
487,03-05-2019 00:00,04-05-2019 00:00,70.53,24.04,33.6,0.79
488,04-05-2019 00:00,05-05-2019 00:00,99.97,27.89,47.79,0.77
489,05-05-2019 00:00,06-05-2019 00:00,122.18,22.74,49.11,0.8
490,06-05-2019 00:00,07-05-2019 00:00,115.07,28.22,68.83,1.36
491,07-05-2019 00:00,08-05-2019 00:00,118.12,30.36,60.73,1.35
492,08-05-2019 00:00,09-05-2019 00:00,127.52,43.57,56.13,1.68
493,09-05-2019 00:00,10-05-2019 00:00,127.48,29.24,51.23,0.96
494,10-05-2019 00:00,11-05-2019 00:00,113.46,22.75,25.93,0.62
495,11-05-2019 00:00,12-05-2019 00:00,130.77,24.12,33.95,0.93
496,12-05-2019 00:00,13-05-2019 00:00,205.18,18.9,31.67,1.02
497,13-05-2019 00:00,14-05-2019 00:00,150.39,40.9,41.83,1.32
498,14-05-2019 00:00,15-05-2019 00:00,128.28,10.8,28.34,0.7
499,15-05-2019 00:00,16-05-2019 00:00,123.76,11.24,60.99,1.3
500,16-05-2019 00:00,17-05-2019 00:00,129.61,11.71,51.23,1.04
501,17-05-2019 00:00,18-05-2019 00:00,208.94,7.64,40.31,0.8
502,18-05-2019 00:00,19-05-2019 00:00,125.2,3.44,24.83,2.81
503,19-05-2019 00:00,20-05-2019 00:00,169.79,9.23,38.78,3.21
504,20-05-2019 00:00,21-05-2019 00:00,92.23,15.34,50.92,0.7
505,21-05-2019 00:00,22-05-2019 00:00,76.89,16.14,45.14,0.86
506,22-05-2019 00:00,23-05-2019 00:00,67.45,12.13,45.57,0.92
507,23-05-2019 00:00,24-05-2019 00:00,84.46,19.08,44.85,1.05
508,24-05-2019 00:00,25-05-2019 00:00,54.74,8.11,30.19,0.7
509,25-05-2019 00:00,26-05-2019 00:00,61.92,7.31,25.76,0.56
510,26-05-2019 00:00,27-05-2019 00:00,64.14,8.86,29.34,0.76
511,27-05-2019 00:00,28-05-2019 00:00,80.87,14.5,39.81,0.7
512,28-05-2019 00:00,29-05-2019 00:00,77.88,16.89,54.51,0.88
513,29-05-2019 00:00,30-05-2019 00:00,109.04,22.08,45.82,0.7
514,30-05-2019 00:00,31-05-2019 00:00,93.93,11.79,61.74,1.36
515,31-05-2019 00:00,01-06-2019 00:00,132.29,17.25,44.94,1.05
516,01-06-2019 00:00,02-06-2019 00:00,124.69,13.9,46.18,1.36
517,02-06-2019 00:00,03-06-2019 00:00,72.11,5.21,23.85,0.71
518,03-06-2019 00:00,04-06-2019 00:00,86.47,3.02,19.05,0.55
519,04-06-2019 00:00,05-06-2019 00:00,72.72,4.38,22.78,0.56
520,05-06-2019 00:00,06-06-2019 00:00,96.11,9.86,48.83,0.84
521,06-06-2019 00:00,07-06-2019 00:00,98.95,9.64,56.98,0.68
522,07-06-2019 00:00,08-06-2019 00:00,60.63,7.33,22.65,0.71
523,08-06-2019 00:00,09-06-2019 00:00,79.93,7.82,31.85,1.02
524,09-06-2019 00:00,10-06-2019 00:00,109.79,17.29,52.79,1.37
525,10-06-2019 00:00,11-06-2019 00:00,77.63,14.07,55.56,1.39
526,11-06-2019 00:00,12-06-2019 00:00,246.87,14.61,45.72,1.12
527,12-06-2019 00:00,13-06-2019 00:00,87.47,7.93,17.47,0.5
528,13-06-2019 00:00,14-06-2019 00:00,64.16,5.83,22.07,0.66
529,14-06-2019 00:00,15-06-2019 00:00,73.67,5.57,34.57,0.67
530,15-06-2019 00:00,16-06-2019 00:00,119.85,10.71,46.75,0.61
531,16-06-2019 00:00,17-06-2019 00:00,72.26,6.92,13.04,0.53
532,17-06-2019 00:00,18-06-2019 00:00,68.0,7.89,21.79,0.85
533,18-06-2019 00:00,19-06-2019 00:00,77.16,6.15,23.13,0.77
534,19-06-2019 00:00,20-06-2019 00:00,123.3,9.5,31.94,0.58
535,20-06-2019 00:00,21-06-2019 00:00,40.15,8.97,24.9,0.53
536,21-06-2019 00:00,22-06-2019 00:00,55.48,14.04,51.35,0.87
537,22-06-2019 00:00,23-06-2019 00:00,75.97,29.39,51.26,0.73
538,23-06-2019 00:00,24-06-2019 00:00,127.49,7.75,12.89,0.54
539,24-06-2019 00:00,25-06-2019 00:00,16.0,5.98,19.07,0.48
540,25-06-2019 00:00,26-06-2019 00:00,29.75,9.2,19.45,0.67
541,26-06-2019 00:00,27-06-2019 00:00,45.7,11.58,24.65,0.72
542,27-06-2019 00:00,28-06-2019 00:00,58.0,21.56,40.16,0.62
543,28-06-2019 00:00,29-06-2019 00:00,47.75,19.59,33.41,0.66
544,29-06-2019 00:00,30-06-2019 00:00,70.22,22.28,36.08,0.71
545,30-06-2019 00:00,01-07-2019 00:00,62.32,16.27,35.61,0.69
546,01-07-2019 00:00,02-07-2019 00:00,51.58,9.55,22.25,0.63
547,02-07-2019 00:00,03-07-2019 00:00,48.97,7.54,27.58,0.54
548,03-07-2019 00:00,04-07-2019 00:00,25.39,8.72,20.02,0.54
549,04-07-2019 00:00,05-07-2019 00:00,23.95,14.79,24.72,0.66
550,05-07-2019 00:00,06-07-2019 00:00,29.35,16.07,25.91,0.7
551,06-07-2019 00:00,07-07-2019 00:00,18.67,5.35,20.59,0.65
552,07-07-2019 00:00,08-07-2019 00:00,15.32,3.7,12.48,0.55
553,08-07-2019 00:00,09-07-2019 00:00,26.57,4.88,21.45,0.56
554,09-07-2019 00:00,10-07-2019 00:00,27.86,2.89,23.7,0.5
555,10-07-2019 00:00,11-07-2019 00:00,39.36,6.64,20.55,0.47
556,11-07-2019 00:00,12-07-2019 00:00,52.84,4.13,23.25,0.39
557,12-07-2019 00:00,13-07-2019 00:00,40.38,3.56,16.04,0.77
558,13-07-2019 00:00,14-07-2019 00:00,54.26,4.53,23.04,0.44
559,14-07-2019 00:00,15-07-2019 00:00,119.2,9.94,22.82,0.54
560,15-07-2019 00:00,16-07-2019 00:00,42.4,2.5,20.87,0.56
561,16-07-2019 00:00,17-07-2019 00:00,62.27,10.45,26.86,0.43
562,17-07-2019 00:00,18-07-2019 00:00,57.27,7.82,25.26,0.7
563,18-07-2019 00:00,19-07-2019 00:00,57.89,6.12,31.85,0.77
564,19-07-2019 00:00,20-07-2019 00:00,78.14,8.57,35.48,1.0
565,20-07-2019 00:00,21-07-2019 00:00,72.19,7.71,30.41,0.71
566,21-07-2019 00:00,22-07-2019 00:00,68.17,8.67,14.27,0.97
567,22-07-2019 00:00,23-07-2019 00:00,86.22,12.95,44.59,1.39
568,23-07-2019 00:00,24-07-2019 00:00,81.95,10.92,45.82,0.82
569,24-07-2019 00:00,25-07-2019 00:00,73.98,11.93,27.88,0.98
570,25-07-2019 00:00,26-07-2019 00:00,56.23,8.56,41.99,0.56
571,26-07-2019 00:00,27-07-2019 00:00,46.96,8.14,49.92,0.6
572,27-07-2019 00:00,28-07-2019 00:00,41.38,8.41,38.79,0.7
573,28-07-2019 00:00,29-07-2019 00:00,34.09,8.38,27.36,0.53
574,29-07-2019 00:00,30-07-2019 00:00,41.09,8.12,36.35,0.63
575,30-07-2019 00:00,31-07-2019 00:00,37.62,8.23,23.11,0.65
576,31-07-2019 00:00,01-08-2019 00:00,46.04,8.18,30.26,0.56
577,01-08-2019 00:00,02-08-2019 00:00,53.82,9.04,24.75,0.56
578,02-08-2019 00:00,03-08-2019 00:00,53.15,8.64,18.67,0.62
579,03-08-2019 00:00,04-08-2019 00:00,49.11,9.67,27.23,0.65
580,04-08-2019 00:00,05-08-2019 00:00,48.85,12.36,28.19,0.77
581,05-08-2019 00:00,06-08-2019 00:00,65.53,11.14,31.22,0.92
582,06-08-2019 00:00,07-08-2019 00:00,17.76,24.41,7.44,1.4
583,07-08-2019 00:00,08-08-2019 00:00,46.83,4.82,4.99,0.9
584,08-08-2019 00:00,09-08-2019 00:00,38.61,3.78,4.13,0.89
585,09-08-2019 00:00,10-08-2019 00:00,27.22,3.29,6.77,0.8
586,10-08-2019 00:00,11-08-2019 00:00,21.15,2.44,3.87,0.83
587,11-08-2019 00:00,12-08-2019 00:00,94.84764565992865,13.360843731431968,50.20041666666666,1.0464289958407604
588,12-08-2019 00:00,13-08-2019 00:00,31.77,4.09,4.1,0.68
589,13-08-2019 00:00,14-08-2019 00:00,30.22,5.69,3.92,0.61
590,14-08-2019 00:00,15-08-2019 00:00,69.59,5.21,5.22,1.31
591,15-08-2019 00:00,16-08-2019 00:00,42.1,1.87,4.79,0.81
592,16-08-2019 00:00,17-08-2019 00:00,29.21,2.53,4.62,0.66
593,17-08-2019 00:00,18-08-2019 00:00,20.6,2.45,4.54,0.52
594,18-08-2019 00:00,19-08-2019 00:00,26.6,3.49,3.46,0.87
595,19-08-2019 00:00,20-08-2019 00:00,55.53,2.14,3.4,1.11
596,20-08-2019 00:00,21-08-2019 00:00,62.61,4.43,3.66,1.05
597,21-08-2019 00:00,22-08-2019 00:00,71.34,5.26,3.6,0.97
598,22-08-2019 00:00,23-08-2019 00:00,80.47,6.02,5.42,0.89
599,23-08-2019 00:00,24-08-2019 00:00,71.74,9.29,5.56,1.18
600,24-08-2019 00:00,25-08-2019 00:00,88.82,6.36,5.06,1.73
601,25-08-2019 00:00,26-08-2019 00:00,60.84,16.0,4.32,0.79
602,26-08-2019 00:00,27-08-2019 00:00,35.68,10.53,5.4,0.84
603,27-08-2019 00:00,28-08-2019 00:00,64.59,8.65,5.19,0.96
604,28-08-2019 00:00,29-08-2019 00:00,64.32,10.63,4.42,0.92
605,29-08-2019 00:00,30-08-2019 00:00,2.26,5.29,10.13,0.74
606,30-08-2019 00:00,31-08-2019 00:00,64.87,11.23,4.69,0.55
607,31-08-2019 00:00,01-09-2019 00:00,59.69,3.39,4.22,0.82
608,01-09-2019 00:00,02-09-2019 00:00,42.39,6.19,16.0,0.63
609,02-09-2019 00:00,03-09-2019 00:00,14.61,10.41,4.24,0.56
610,03-09-2019 00:00,04-09-2019 00:00,28.24,7.37,4.68,0.71
611,04-09-2019 00:00,05-09-2019 00:00,24.19,4.18,10.14,0.63
612,05-09-2019 00:00,06-09-2019 00:00,35.13,15.7,4.58,0.48
613,06-09-2019 00:00,07-09-2019 00:00,41.18,9.12,2.76,0.42
614,07-09-2019 00:00,08-09-2019 00:00,33.24,10.68,3.75,0.4
615,08-09-2019 00:00,09-09-2019 00:00,25.23,8.05,2.72,0.61
616,09-09-2019 00:00,10-09-2019 00:00,50.62,9.43,2.72,0.63
617,10-09-2019 00:00,11-09-2019 00:00,53.82,8.67,2.76,0.46
618,11-09-2019 00:00,12-09-2019 00:00,48.15,8.56,3.01,0.61
619,12-09-2019 00:00,13-09-2019 00:00,39.45,6.02,3.95,0.44
620,13-09-2019 00:00,14-09-2019 00:00,24.45,7.71,5.38,0.41
621,14-09-2019 00:00,15-09-2019 00:00,20.57,7.43,4.57,0.27
622,15-09-2019 00:00,16-09-2019 00:00,26.76,10.13,2.54,0.52
623,16-09-2019 00:00,17-09-2019 00:00,42.91,10.09,2.42,0.64
624,17-09-2019 00:00,18-09-2019 00:00,43.28,10.58,2.79,0.59
625,18-09-2019 00:00,19-09-2019 00:00,25.13,12.07,4.45,0.3
626,19-09-2019 00:00,20-09-2019 00:00,36.86,14.16,3.3,0.33
627,20-09-2019 00:00,21-09-2019 00:00,40.29,9.94,4.11,0.43
628,21-09-2019 00:00,22-09-2019 00:00,22.97,9.66,7.16,0.47
629,22-09-2019 00:00,23-09-2019 00:00,29.59,8.71,5.68,0.45
630,23-09-2019 00:00,24-09-2019 00:00,17.89,8.77,4.42,0.41
631,24-09-2019 00:00,25-09-2019 00:00,35.49,8.67,4.28,0.46
632,25-09-2019 00:00,26-09-2019 00:00,32.89,8.7,6.69,0.41
633,26-09-2019 00:00,27-09-2019 00:00,22.13,12.2,5.95,0.44
634,27-09-2019 00:00,28-09-2019 00:00,11.84,11.9,5.33,1.13
635,28-09-2019 00:00,29-09-2019 00:00,17.42,13.59,5.01,1.13
636,29-09-2019 00:00,30-09-2019 00:00,16.92,15.6,3.19,0.19
637,30-09-2019 00:00,01-10-2019 00:00,30.29,18.02,5.78,0.35
638,01-10-2019 00:00,02-10-2019 00:00,24.33,1.43,5.28,0.4
639,02-10-2019 00:00,03-10-2019 00:00,34.58,4.69,5.4,0.48
640,03-10-2019 00:00,04-10-2019 00:00,68.37,6.09,8.13,0.47
641,04-10-2019 00:00,05-10-2019 00:00,39.43,5.59,8.0,0.34
642,05-10-2019 00:00,06-10-2019 00:00,41.62,6.72,4.73,0.59
643,06-10-2019 00:00,07-10-2019 00:00,51.49,6.76,28.28,0.4
644,07-10-2019 00:00,08-10-2019 00:00,75.38,9.4,50.66,0.61
645,08-10-2019 00:00,09-10-2019 00:00,35.4,5.7,24.32,0.6
646,09-10-2019 00:00,10-10-2019 00:00,63.46,7.17,72.3,0.74
647,10-10-2019 00:00,11-10-2019 00:00,116.83,13.88,63.1,0.74
648,11-10-2019 00:00,12-10-2019 00:00,138.0,15.17,65.21,0.61
649,12-10-2019 00:00,13-10-2019 00:00,165.35,19.23,67.46,0.66
650,13-10-2019 00:00,14-10-2019 00:00,91.38,11.94,75.19,0.98
651,14-10-2019 00:00,15-10-2019 00:00,109.47,23.28,67.3,0.84
652,15-10-2019 00:00,16-10-2019 00:00,197.75,12.68,36.6,0.91
653,16-10-2019 00:00,17-10-2019 00:00,152.92,22.42,22.18,0.74
654,17-10-2019 00:00,18-10-2019 00:00,132.21,13.31,20.94,1.01
655,18-10-2019 00:00,19-10-2019 00:00,107.96,11.8,23.81,0.86
656,19-10-2019 00:00,20-10-2019 00:00,119.04,14.0,41.77,0.74
657,20-10-2019 00:00,21-10-2019 00:00,163.37,12.72,41.32,0.88
658,21-10-2019 00:00,22-10-2019 00:00,168.82,23.25,39.95,1.05
659,22-10-2019 00:00,23-10-2019 00:00,139.71,17.5,38.79,1.2
660,23-10-2019 00:00,24-10-2019 00:00,182.23,15.84,52.57,1.64
661,24-10-2019 00:00,25-10-2019 00:00,165.39,18.46,25.2,1.42
662,25-10-2019 00:00,26-10-2019 00:00,165.77,13.32,33.4,1.05
663,26-10-2019 00:00,27-10-2019 00:00,151.27,12.62,52.29,1.31
664,27-10-2019 00:00,28-10-2019 00:00,191.99,25.68,45.7,1.63
665,28-10-2019 00:00,29-10-2019 00:00,288.18,17.91,50.86,1.52
666,29-10-2019 00:00,30-10-2019 00:00,300.88,16.25,63.04,2.08
667,30-10-2019 00:00,31-10-2019 00:00,384.56,9.96,77.79,2.14
668,31-10-2019 00:00,01-11-2019 00:00,333.82,14.04,59.76,1.93
669,01-11-2019 00:00,02-11-2019 00:00,298.39,13.42,67.78,1.63
670,02-11-2019 00:00,03-11-2019 00:00,255.08,12.49,41.53,1.21
671,03-11-2019 00:00,04-11-2019 00:00,597.44,11.71,29.17,1.8
672,04-11-2019 00:00,05-11-2019 00:00,405.77,11.93,67.06,1.07
673,05-11-2019 00:00,06-11-2019 00:00,163.65,14.33,96.33,1.07
674,06-11-2019 00:00,07-11-2019 00:00,247.64,18.47,108.12,0.99
675,07-11-2019 00:00,08-11-2019 00:00,110.48,13.52,85.02,0.93
676,08-11-2019 00:00,09-11-2019 00:00,86.24,16.9,106.38,1.0
677,09-11-2019 00:00,10-11-2019 00:00,120.21,13.4,96.75,0.68
678,10-11-2019 00:00,11-11-2019 00:00,228.43,16.18,105.49,0.74
679,11-11-2019 00:00,12-11-2019 00:00,140.32,19.95,103.27,1.08
680,12-11-2019 00:00,13-11-2019 00:00,129.06,17.78,115.65,1.43
681,13-11-2019 00:00,14-11-2019 00:00,189.98,17.38,115.24,1.49
682,14-11-2019 00:00,15-11-2019 00:00,166.04,24.2,113.31,1.86
683,15-11-2019 00:00,16-11-2019 00:00,137.14,14.37,90.71,1.19
684,16-11-2019 00:00,17-11-2019 00:00,84.76,10.96,68.22,1.02
685,17-11-2019 00:00,18-11-2019 00:00,91.85,10.6,73.99,0.65
686,18-11-2019 00:00,19-11-2019 00:00,143.47,13.38,80.61,0.87
687,19-11-2019 00:00,20-11-2019 00:00,174.91,17.64,100.74,1.13
688,20-11-2019 00:00,21-11-2019 00:00,168.83,28.23,119.13,1.8
689,21-11-2019 00:00,22-11-2019 00:00,199.53,19.71,93.13,1.61
690,22-11-2019 00:00,23-11-2019 00:00,173.48,18.97,80.37,1.45
691,23-11-2019 00:00,24-11-2019 00:00,142.45,17.75,63.08,0.83
692,24-11-2019 00:00,25-11-2019 00:00,77.77,12.44,54.09,0.63
693,25-11-2019 00:00,26-11-2019 00:00,90.48,18.0,73.14,0.91
694,26-11-2019 00:00,27-11-2019 00:00,97.72,23.06,54.44,0.85
695,27-11-2019 00:00,28-11-2019 00:00,93.8,10.39,44.15,0.67
696,28-11-2019 00:00,29-11-2019 00:00,18.7,1.99,28.02,0.53
697,29-11-2019 00:00,30-11-2019 00:00,58.96,12.86,45.48,0.7
698,30-11-2019 00:00,01-12-2019 00:00,101.22,9.36,46.81,1.04
699,01-12-2019 00:00,02-12-2019 00:00,85.22,14.12,57.99,0.74
700,02-12-2019 00:00,03-12-2019 00:00,157.73,17.46,62.39,1.07
701,03-12-2019 00:00,04-12-2019 00:00,161.82,18.05,72.22,1.17
702,04-12-2019 00:00,05-12-2019 00:00,220.72,25.33,110.13,1.6
703,05-12-2019 00:00,06-12-2019 00:00,213.56,21.72,90.41,1.85
704,06-12-2019 00:00,07-12-2019 00:00,101.2,14.3,72.01,1.46
705,07-12-2019 00:00,08-12-2019 00:00,129.65,13.39,105.41,1.45
706,08-12-2019 00:00,09-12-2019 00:00,157.55,15.41,104.59,1.71
707,09-12-2019 00:00,10-12-2019 00:00,151.92,22.42,101.35,1.2
708,10-12-2019 00:00,11-12-2019 00:00,137.97,19.2,101.81,1.67
709,11-12-2019 00:00,12-12-2019 00:00,225.29,19.63,125.97,1.83
710,12-12-2019 00:00,13-12-2019 00:00,248.74,18.56,70.53,0.95
711,13-12-2019 00:00,14-12-2019 00:00,48.46,7.93,37.85,0.82
712,14-12-2019 00:00,15-12-2019 00:00,61.89,9.63,66.02,0.65
713,15-12-2019 00:00,16-12-2019 00:00,85.33,10.02,53.62,0.39
714,16-12-2019 00:00,17-12-2019 00:00,80.96,6.42,59.07,0.39
715,17-12-2019 00:00,18-12-2019 00:00,102.32,5.79,64.87,0.56
716,18-12-2019 00:00,19-12-2019 00:00,129.84,6.65,64.75,0.75
717,19-12-2019 00:00,20-12-2019 00:00,130.22,7.39,76.28,1.36
718,20-12-2019 00:00,21-12-2019 00:00,165.4,14.14,96.7,1.56
719,21-12-2019 00:00,22-12-2019 00:00,157.62,10.68,99.84,0.97
720,22-12-2019 00:00,23-12-2019 00:00,74.43,7.97,68.98,0.75
721,23-12-2019 00:00,24-12-2019 00:00,111.92,8.13,86.32,0.88
722,24-12-2019 00:00,25-12-2019 00:00,100.29,7.58,73.04,1.06
723,25-12-2019 00:00,26-12-2019 00:00,134.33,3.86,62.54,0.63
724,26-12-2019 00:00,27-12-2019 00:00,162.33,2.19,68.63,0.71
725,27-12-2019 00:00,28-12-2019 00:00,150.14,8.68,64.52,0.92
726,28-12-2019 00:00,29-12-2019 00:00,142.49,6.17,55.32,1.2
727,29-12-2019 00:00,30-12-2019 00:00,278.1,6.51,74.38,1.06
728,30-12-2019 00:00,31-12-2019 00:00,179.49,4.14,58.78,1.42
729,31-12-2019 00:00,01-01-2020 00:00,158.47,13.17,77.63,0.85
730,01-01-2020 00:00,02-01-2020 00:00,218.24,14.69,79.93,1.55
731,02-01-2020 00:00,03-01-2020 00:00,131.64,12.63,47.95,1.66
732,03-01-2020 00:00,04-01-2020 00:00,130.73,15.34,120.38,1.72
733,04-01-2020 00:00,05-01-2020 00:00,199.82,17.19,89.02,1.56
734,05-01-2020 00:00,06-01-2020 00:00,190.17,27.23,76.54,0.67
735,06-01-2020 00:00,07-01-2020 00:00,145.37,13.49,74.39,0.74
736,07-01-2020 00:00,08-01-2020 00:00,61.41,11.99,41.99,0.89
737,08-01-2020 00:00,09-01-2020 00:00,53.79,7.17,43.94,0.84
738,09-01-2020 00:00,10-01-2020 00:00,103.26,7.56,38.05,0.64
739,10-01-2020 00:00,11-01-2020 00:00,108.35,5.89,39.18,0.75
740,11-01-2020 00:00,12-01-2020 00:00,174.61,14.55,68.15,1.22
741,12-01-2020 00:00,13-01-2020 00:00,312.37,15.42,93.57,1.91
742,13-01-2020 00:00,14-01-2020 00:00,243.2,9.72,70.54,1.88
743,14-01-2020 00:00,15-01-2020 00:00,158.77,9.05,58.6,1.26
744,15-01-2020 00:00,16-01-2020 00:00,109.62,8.43,43.75,0.78
745,16-01-2020 00:00,17-01-2020 00:00,104.61,7.91,36.49,0.98
746,17-01-2020 00:00,18-01-2020 00:00,52.52,8.38,29.79,0.95
747,18-01-2020 00:00,19-01-2020 00:00,65.43,5.77,36.74,0.89
748,19-01-2020 00:00,20-01-2020 00:00,134.9,8.63,41.63,0.66
749,20-01-2020 00:00,21-01-2020 00:00,157.99,9.81,59.63,1.19
750,21-01-2020 00:00,22-01-2020 00:00,213.65,10.7,81.61,1.46
751,22-01-2020 00:00,23-01-2020 00:00,126.65,10.26,49.66,1.21
752,23-01-2020 00:00,24-01-2020 00:00,62.72,9.33,29.36,0.47
753,24-01-2020 00:00,25-01-2020 00:00,79.51,13.16,44.16,0.64
754,25-01-2020 00:00,26-01-2020 00:00,181.33,14.85,73.15,0.88
755,26-01-2020 00:00,27-01-2020 00:00,139.73,13.91,71.53,1.35
756,27-01-2020 00:00,28-01-2020 00:00,142.88,19.24,75.95,1.72
757,28-01-2020 00:00,29-01-2020 00:00,77.13,9.8,41.11,1.29
758,29-01-2020 00:00,30-01-2020 00:00,39.05,8.14,46.55,0.7
759,30-01-2020 00:00,31-01-2020 00:00,48.99,5.94,36.87,0.6
760,31-01-2020 00:00,01-02-2020 00:00,51.22,7.35,43.92,0.61
761,01-02-2020 00:00,02-02-2020 00:00,63.67,6.01,50.86,0.95
762,02-02-2020 00:00,03-02-2020 00:00,71.22,7.88,29.9,0.96
763,03-02-2020 00:00,04-02-2020 00:00,73.41,10.18,31.9,1.07
764,04-02-2020 00:00,05-02-2020 00:00,110.93,10.11,34.77,1.17
765,05-02-2020 00:00,06-02-2020 00:00,75.78,11.37,27.44,0.82
766,06-02-2020 00:00,07-02-2020 00:00,114.73,10.54,38.62,0.82
767,07-02-2020 00:00,08-02-2020 00:00,125.2,12.19,48.33,0.82
768,08-02-2020 00:00,09-02-2020 00:00,120.29,8.8,37.0,0.85
769,09-02-2020 00:00,10-02-2020 00:00,126.62,8.39,40.85,0.84
770,10-02-2020 00:00,11-02-2020 00:00,135.59,9.29,41.07,1.0
771,11-02-2020 00:00,12-02-2020 00:00,150.11,13.94,41.33,0.99
772,12-02-2020 00:00,13-02-2020 00:00,127.53,8.17,26.04,1.0
773,13-02-2020 00:00,14-02-2020 00:00,70.4,9.73,14.54,1.37
774,14-02-2020 00:00,15-02-2020 00:00,63.67,6.62,13.36,0.61
775,15-02-2020 00:00,16-02-2020 00:00,101.85,11.64,38.42,0.53
776,16-02-2020 00:00,17-02-2020 00:00,139.28,11.25,42.31,1.17
777,17-02-2020 00:00,18-02-2020 00:00,122.66,12.72,30.1,1.13
778,18-02-2020 00:00,19-02-2020 00:00,109.28,19.2,24.45,0.93
779,19-02-2020 00:00,20-02-2020 00:00,164.53,16.93,18.6,1.94
780,20-02-2020 00:00,21-02-2020 00:00,127.08,16.4,8.98,0.84
781,21-02-2020 00:00,22-02-2020 00:00,17.97,6.23,13.48,1.14
782,22-02-2020 00:00,23-02-2020 00:00,45.53,11.3,67.35,0.99
783,23-02-2020 00:00,24-02-2020 00:00,68.22,14.07,38.98,0.58
784,24-02-2020 00:00,25-02-2020 00:00,47.96,10.41,36.92,0.48
785,25-02-2020 00:00,26-02-2020 00:00,128.19,19.17,54.6,0.83
786,26-02-2020 00:00,27-02-2020 00:00,105.49,13.55,41.33,1.31
787,27-02-2020 00:00,28-02-2020 00:00,123.86,8.26,25.71,1.1
788,28-02-2020 00:00,29-02-2020 00:00,104.65,10.49,21.1,0.77
789,29-02-2020 00:00,01-03-2020 00:00,101.52,8.56,17.27,0.56
790,01-03-2020 00:00,02-03-2020 00:00,44.69,11.3,66.46,0.72
791,02-03-2020 00:00,03-03-2020 00:00,82.97,16.1,55.6,0.91
792,03-03-2020 00:00,04-03-2020 00:00,87.13,15.13,48.67,0.69
793,04-03-2020 00:00,05-03-2020 00:00,92.57,11.19,40.6,0.86
794,05-03-2020 00:00,06-03-2020 00:00,38.07,17.75,28.37,0.72
795,06-03-2020 00:00,07-03-2020 00:00,12.24,8.59,13.13,0.9
796,07-03-2020 00:00,08-03-2020 00:00,31.53,7.53,28.14,0.93
797,08-03-2020 00:00,09-03-2020 00:00,45.3,9.33,34.38,1.18
798,09-03-2020 00:00,10-03-2020 00:00,52.91,6.26,28.75,0.84
799,10-03-2020 00:00,11-03-2020 00:00,65.48,11.17,17.9,0.91
800,11-03-2020 00:00,12-03-2020 00:00,49.27,9.06,28.56,1.12
801,12-03-2020 00:00,13-03-2020 00:00,64.84,7.21,31.69,1.21
802,13-03-2020 00:00,14-03-2020 00:00,54.27,9.62,21.85,0.6
803,14-03-2020 00:00,15-03-2020 00:00,21.25,7.56,18.11,1.15
804,15-03-2020 00:00,16-03-2020 00:00,38.71,10.82,29.01,1.28
805,16-03-2020 00:00,17-03-2020 00:00,55.43,14.28,27.55,1.13
806,17-03-2020 00:00,18-03-2020 00:00,67.39,20.8,32.15,0.88
807,18-03-2020 00:00,19-03-2020 00:00,78.1,20.65,35.14,0.96
808,19-03-2020 00:00,20-03-2020 00:00,90.53,18.26,44.65,0.85
809,20-03-2020 00:00,21-03-2020 00:00,101.79,23.27,40.65,0.98
810,21-03-2020 00:00,22-03-2020 00:00,157.46,31.85,50.68,0.71
811,22-03-2020 00:00,23-03-2020 00:00,60.81,17.63,20.41,0.75
812,23-03-2020 00:00,24-03-2020 00:00,78.76,27.77,30.37,0.77
813,24-03-2020 00:00,25-03-2020 00:00,68.26,17.29,26.16,0.69
814,25-03-2020 00:00,26-03-2020 00:00,38.5,8.76,9.77,0.44
815,26-03-2020 00:00,27-03-2020 00:00,40.93,12.76,7.39,0.6
816,27-03-2020 00:00,28-03-2020 00:00,25.86,5.19,6.41,0.71
817,28-03-2020 00:00,29-03-2020 00:00,12.93,5.78,5.84,0.53
818,29-03-2020 00:00,30-03-2020 00:00,24.74,7.86,5.23,0.67
819,30-03-2020 00:00,31-03-2020 00:00,35.73,9.28,7.56,0.55
820,31-03-2020 00:00,01-04-2020 00:00,38.11,10.22,5.18,0.42
821,01-04-2020 00:00,02-04-2020 00:00,28.48,8.49,4.57,0.51
822,02-04-2020 00:00,03-04-2020 00:00,30.18,6.51,8.38,0.53
823,03-04-2020 00:00,04-04-2020 00:00,31.06,9.82,6.87,0.49
824,04-04-2020 00:00,05-04-2020 00:00,49.57,13.71,11.34,0.84
825,05-04-2020 00:00,06-04-2020 00:00,72.32,12.39,27.23,0.82
826,06-04-2020 00:00,07-04-2020 00:00,79.52,12.43,16.23,0.83
827,07-04-2020 00:00,08-04-2020 00:00,36.25,7.1,4.38,0.64
828,08-04-2020 00:00,09-04-2020 00:00,43.46,12.53,13.86,0.35
829,09-04-2020 00:00,10-04-2020 00:00,68.23,15.6,17.94,0.49
830,10-04-2020 00:00,11-04-2020 00:00,110.69,23.92,21.23,0.92
831,11-04-2020 00:00,12-04-2020 00:00,70.27,8.34,23.58,0.84
832,12-04-2020 00:00,13-04-2020 00:00,57.45,10.1,23.56,0.73
833,13-04-2020 00:00,14-04-2020 00:00,87.52,20.85,30.16,0.94
834,14-04-2020 00:00,15-04-2020 00:00,105.6,20.24,40.89,1.01
835,15-04-2020 00:00,16-04-2020 00:00,104.49,14.22,28.81,1.13
836,16-04-2020 00:00,17-04-2020 00:00,128.43,18.54,44.5,1.01
837,17-04-2020 00:00,18-04-2020 00:00,45.09,8.84,23.02,0.77
838,18-04-2020 00:00,19-04-2020 00:00,19.03,3.6,7.52,0.9
839,19-04-2020 00:00,20-04-2020 00:00,26.58,6.81,34.74,0.53
840,20-04-2020 00:00,21-04-2020 00:00,76.73,13.47,40.08,0.8
841,21-04-2020 00:00,22-04-2020 00:00,47.98,13.09,23.38,1.02
842,22-04-2020 00:00,23-04-2020 00:00,87.16,20.44,38.67,0.94
843,23-04-2020 00:00,24-04-2020 00:00,66.71,14.3,28.08,1.03
844,24-04-2020 00:00,25-04-2020 00:00,76.42,17.27,24.5,1.08
845,25-04-2020 00:00,26-04-2020 00:00,85.95,13.87,35.66,1.05
846,26-04-2020 00:00,27-04-2020 00:00,52.3,8.91,15.63,0.62
847,27-04-2020 00:00,28-04-2020 00:00,31.2,5.4,8.31,0.89
848,28-04-2020 00:00,29-04-2020 00:00,32.51,9.09,9.77,1.04
849,29-04-2020 00:00,30-04-2020 00:00,84.29,12.54,24.78,1.07
850,30-04-2020 00:00,01-05-2020 00:00,80.3,12.38,19.95,1.67
851,01-05-2020 00:00,02-05-2020 00:00,44.91,9.51,12.2,2.17
852,02-05-2020 00:00,03-05-2020 00:00,42.16,8.64,13.23,1.31
853,03-05-2020 00:00,04-05-2020 00:00,45.85,7.06,10.9,0.3
854,04-05-2020 00:00,05-05-2020 00:00,25.51,8.09,25.94,0.72
855,05-05-2020 00:00,06-05-2020 00:00,69.49,17.51,38.2,0.77
856,06-05-2020 00:00,07-05-2020 00:00,46.51,12.92,18.35,0.94
857,07-05-2020 00:00,08-05-2020 00:00,31.72,10.11,15.32,0.59
858,08-05-2020 00:00,09-05-2020 00:00,63.95,14.17,21.2,0.59
859,09-05-2020 00:00,10-05-2020 00:00,75.99,5.88,24.33,0.7
860,10-05-2020 00:00,11-05-2020 00:00,49.11,6.08,14.36,0.35
861,11-05-2020 00:00,12-05-2020 00:00,33.32,11.12,10.4,0.8
862,12-05-2020 00:00,13-05-2020 00:00,42.91,10.66,10.15,0.6
863,13-05-2020 00:00,14-05-2020 00:00,84.55,5.65,33.71,0.21
864,14-05-2020 00:00,15-05-2020 00:00,104.53,5.55,34.62,0.45
865,15-05-2020 00:00,16-05-2020 00:00,44.27,11.96,17.99,0.85
866,16-05-2020 00:00,17-05-2020 00:00,65.4,15.64,14.3,0.57
867,17-05-2020 00:00,18-05-2020 00:00,75.89,19.34,28.35,1.1
868,18-05-2020 00:00,19-05-2020 00:00,81.81,19.06,31.36,0.9
869,19-05-2020 00:00,20-05-2020 00:00,69.96,18.89,48.84,1.41
870,20-05-2020 00:00,21-05-2020 00:00,69.12,19.24,29.07,0.67
871,21-05-2020 00:00,22-05-2020 00:00,85.41,27.06,29.94,0.88
872,22-05-2020 00:00,23-05-2020 00:00,135.17,30.36,51.84,1.39
873,23-05-2020 00:00,24-05-2020 00:00,111.19,10.7,28.69,1.34
874,24-05-2020 00:00,25-05-2020 00:00,104.58,10.42,31.64,0.98
875,25-05-2020 00:00,26-05-2020 00:00,74.58,21.23,29.45,0.93
876,26-05-2020 00:00,27-05-2020 00:00,86.98,29.12,29.79,0.76
877,27-05-2020 00:00,28-05-2020 00:00,56.02,14.89,28.79,0.73
878,28-05-2020 00:00,29-05-2020 00:00,34.85,7.09,5.54,0.18
879,29-05-2020 00:00,30-05-2020 00:00,21.67,11.17,12.51,0.1
880,30-05-2020 00:00,31-05-2020 00:00,24.87,10.99,12.77,0.1
881,31-05-2020 00:00,01-06-2020 00:00,17.92,10.83,8.11,0.1
882,01-06-2020 00:00,02-06-2020 00:00,19.53,10.26,18.69,0.24
883,02-06-2020 00:00,03-06-2020 00:00,33.27,13.84,27.24,0.27
884,03-06-2020 00:00,04-06-2020 00:00,39.88,10.91,29.98,0.77
885,04-06-2020 00:00,05-06-2020 00:00,60.32,13.76,18.88,0.9
886,05-06-2020 00:00,06-06-2020 00:00,33.65,10.96,8.45,0.64
887,06-06-2020 00:00,07-06-2020 00:00,35.96,13.49,8.11,0.47
888,07-06-2020 00:00,08-06-2020 00:00,49.81,8.73,16.18,0.43
889,08-06-2020 00:00,09-06-2020 00:00,60.69,5.13,27.65,0.62
890,09-06-2020 00:00,10-06-2020 00:00,61.76,4.43,44.31,0.67
891,10-06-2020 00:00,11-06-2020 00:00,62.57,10.97,33.5,0.74
892,11-06-2020 00:00,12-06-2020 00:00,69.81,12.83,23.72,0.61
893,12-06-2020 00:00,13-06-2020 00:00,57.93,6.24,16.02,0.68
894,13-06-2020 00:00,14-06-2020 00:00,56.75,5.52,11.34,0.66
895,14-06-2020 00:00,15-06-2020 00:00,65.19,8.0,17.85,0.9
896,15-06-2020 00:00,16-06-2020 00:00,54.41,10.37,13.53,0.69
897,16-06-2020 00:00,17-06-2020 00:00,41.91,12.77,10.23,0.47
898,17-06-2020 00:00,18-06-2020 00:00,32.54,10.32,10.57,0.57
899,18-06-2020 00:00,19-06-2020 00:00,37.01,6.83,14.16,0.47
900,19-06-2020 00:00,20-06-2020 00:00,41.71,4.59,9.18,0.55
901,20-06-2020 00:00,21-06-2020 00:00,31.62,7.79,13.02,0.39
902,21-06-2020 00:00,22-06-2020 00:00,36.99,5.12,4.68,0.58
903,22-06-2020 00:00,23-06-2020 00:00,37.54,4.83,7.93,0.75
904,23-06-2020 00:00,24-06-2020 00:00,23.83,6.71,6.22,0.76
905,24-06-2020 00:00,25-06-2020 00:00,29.25,5.28,7.64,0.89
906,25-06-2020 00:00,26-06-2020 00:00,45.36,6.25,25.45,0.83
907,26-06-2020 00:00,27-06-2020 00:00,46.5,7.82,17.47,0.69
908,27-06-2020 00:00,28-06-2020 00:00,50.67,17.69,21.21,0.52
909,28-06-2020 00:00,29-06-2020 00:00,63.82,18.62,27.55,0.59
910,29-06-2020 00:00,30-06-2020 00:00,40.98,6.66,15.25,0.75
911,30-06-2020 00:00,01-07-2020 00:00,33.22,8.02,6.13,0.7
912,01-07-2020 00:00,02-07-2020 00:00,44.45,7.39,7.8,0.78
913,02-07-2020 00:00,03-07-2020 00:00,41.48,6.48,5.79,0.82
914,03-07-2020 00:00,04-07-2020 00:00,46.85,5.92,2.96,0.8
915,04-07-2020 00:00,05-07-2020 00:00,33.18,6.49,7.93,0.68
916,05-07-2020 00:00,06-07-2020 00:00,23.13,5.77,3.89,0.75
917,06-07-2020 00:00,07-07-2020 00:00,33.06,2.58,13.12,0.82
918,07-07-2020 00:00,08-07-2020 00:00,12.49,2.08,3.08,0.68
919,08-07-2020 00:00,09-07-2020 00:00,16.34,2.05,7.15,0.66
920,09-07-2020 00:00,10-07-2020 00:00,36.73,4.09,12.72,0.93
921,10-07-2020 00:00,11-07-2020 00:00,35.21,8.55,11.57,1.08
922,11-07-2020 00:00,12-07-2020 00:00,18.86,3.28,4.16,0.99
923,12-07-2020 00:00,13-07-2020 00:00,20.72,6.62,8.41,0.65
924,13-07-2020 00:00,14-07-2020 00:00,35.96,13.3,20.35,0.77
925,14-07-2020 00:00,15-07-2020 00:00,46.67,6.86,34.58,0.91
926,15-07-2020 00:00,16-07-2020 00:00,30.98,3.29,25.05,1.0
927,16-07-2020 00:00,17-07-2020 00:00,24.15,3.2,20.33,0.93
928,17-07-2020 00:00,18-07-2020 00:00,37.76,4.45,29.38,0.94
929,18-07-2020 00:00,19-07-2020 00:00,17.91,3.22,17.81,0.75
930,19-07-2020 00:00,20-07-2020 00:00,23.95,2.93,23.07,1.19
931,20-07-2020 00:00,21-07-2020 00:00,22.81,4.16,37.11,0.79
932,21-07-2020 00:00,22-07-2020 00:00,14.92,2.53,26.35,0.73
933,22-07-2020 00:00,23-07-2020 00:00,26.66,4.74,29.9,1.13
934,23-07-2020 00:00,24-07-2020 00:00,41.47,4.72,35.03,0.96
935,24-07-2020 00:00,25-07-2020 00:00,23.82,3.92,18.14,0.7
936,25-07-2020 00:00,26-07-2020 00:00,16.16,3.15,13.9,0.67
937,26-07-2020 00:00,27-07-2020 00:00,26.4,3.5,19.03,1.44
938,27-07-2020 00:00,28-07-2020 00:00,52.35,4.13,52.28,1.01
939,28-07-2020 00:00,29-07-2020 00:00,33.16,5.26,28.96,0.64
940,29-07-2020 00:00,30-07-2020 00:00,16.49,4.45,18.87,0.72
941,30-07-2020 00:00,31-07-2020 00:00,18.51,3.54,17.85,0.76
942,31-07-2020 00:00,01-08-2020 00:00,26.15,4.16,18.96,0.97
943,01-08-2020 00:00,02-08-2020 00:00,18.58,4.21,14.72,0.98
944,02-08-2020 00:00,03-08-2020 00:00,44.08,5.16,20.34,1.0
945,03-08-2020 00:00,04-08-2020 00:00,36.38,5.66,31.21,0.95
946,04-08-2020 00:00,05-08-2020 00:00,26.39,6.09,48.59,0.9
947,05-08-2020 00:00,06-08-2020 00:00,25.54,3.96,16.0,1.17
948,06-08-2020 00:00,07-08-2020 00:00,9.19,5.28,6.52,0.85
949,07-08-2020 00:00,08-08-2020 00:00,13.19,6.34,24.0,0.79
950,08-08-2020 00:00,09-08-2020 00:00,25.6,5.51,18.58,1.03
951,09-08-2020 00:00,10-08-2020 00:00,24.22,3.56,17.23,1.26
952,10-08-2020 00:00,11-08-2020 00:00,23.05,4.71,15.4,1.03
953,11-08-2020 00:00,12-08-2020 00:00,21.16,6.22,19.56,0.99
954,12-08-2020 00:00,13-08-2020 00:00,17.13,5.77,21.17,0.87
955,13-08-2020 00:00,14-08-2020 00:00,7.64,4.1,20.38,0.93
956,14-08-2020 00:00,15-08-2020 00:00,8.18,4.03,13.13,0.67
957,15-08-2020 00:00,16-08-2020 00:00,24.63,2.5,10.23,1.02
958,16-08-2020 00:00,17-08-2020 00:00,19.84,4.19,10.81,0.89
959,17-08-2020 00:00,18-08-2020 00:00,12.79,4.25,20.36,1.12
960,18-08-2020 00:00,19-08-2020 00:00,18.89,5.66,22.45,0.99
961,19-08-2020 00:00,20-08-2020 00:00,5.13,5.45,22.1,0.9
962,20-08-2020 00:00,21-08-2020 00:00,6.42,3.84,15.01,1.05
963,21-08-2020 00:00,22-08-2020 00:00,4.81,5.15,10.53,0.82
964,22-08-2020 00:00,23-08-2020 00:00,3.74,3.52,6.55,0.47
965,23-08-2020 00:00,24-08-2020 00:00,6.0,1.73,5.69,0.63
966,24-08-2020 00:00,25-08-2020 00:00,8.37,6.03,13.96,0.5
967,25-08-2020 00:00,26-08-2020 00:00,17.26,7.4,15.9,0.53
968,26-08-2020 00:00,27-08-2020 00:00,15.14,4.67,20.01,0.51
969,27-08-2020 00:00,28-08-2020 00:00,13.02,5.78,20.5,0.72
970,28-08-2020 00:00,29-08-2020 00:00,18.62,2.33,21.13,1.07
971,29-08-2020 00:00,30-08-2020 00:00,19.01,11.46,11.2,0.97
972,30-08-2020 00:00,31-08-2020 00:00,12.42,9.08,6.14,0.51
973,31-08-2020 00:00,01-09-2020 00:00,10.35,5.65,10.36,0.47
974,01-09-2020 00:00,02-09-2020 00:00,14.48,3.32,18.98,0.5
975,02-09-2020 00:00,03-09-2020 00:00,19.47,5.14,21.16,0.66
976,03-09-2020 00:00,04-09-2020 00:00,86.93,4.53,13.97,0.73
977,04-09-2020 00:00,05-09-2020 00:00,46.65,5.06,23.06,0.68
978,05-09-2020 00:00,06-09-2020 00:00,40.28,6.76,34.0,1.22
979,06-09-2020 00:00,07-09-2020 00:00,29.31,3.81,22.54,0.94
980,07-09-2020 00:00,08-09-2020 00:00,37.05,4.89,37.93,1.07
981,08-09-2020 00:00,09-09-2020 00:00,37.51,5.99,28.83,0.66
982,09-09-2020 00:00,10-09-2020 00:00,44.79,4.03,28.0,0.91
983,10-09-2020 00:00,11-09-2020 00:00,48.01,8.07,28.14,0.75
984,11-09-2020 00:00,12-09-2020 00:00,54.17,6.66,39.08,0.81
985,12-09-2020 00:00,13-09-2020 00:00,71.8,9.54,45.35,0.75
986,13-09-2020 00:00,14-09-2020 00:00,67.36,5.2,42.88,0.84
987,14-09-2020 00:00,15-09-2020 00:00,73.24,6.78,49.1,0.86
988,15-09-2020 00:00,16-09-2020 00:00,69.73,6.11,45.02,0.95
989,16-09-2020 00:00,17-09-2020 00:00,67.4,6.05,33.94,1.07
990,17-09-2020 00:00,18-09-2020 00:00,52.87,6.04,29.98,0.71
991,18-09-2020 00:00,19-09-2020 00:00,44.72,7.39,37.06,0.58
992,19-09-2020 00:00,20-09-2020 00:00,61.77,6.72,46.92,0.8
993,20-09-2020 00:00,21-09-2020 00:00,71.63,6.53,36.96,1.27
994,21-09-2020 00:00,22-09-2020 00:00,68.14,7.99,42.71,1.24
995,22-09-2020 00:00,23-09-2020 00:00,34.93,4.98,29.59,0.68
996,23-09-2020 00:00,24-09-2020 00:00,20.6,5.01,18.32,0.64
997,24-09-2020 00:00,25-09-2020 00:00,26.67,5.28,23.22,0.57
998,25-09-2020 00:00,26-09-2020 00:00,56.04,6.72,40.35,0.72
999,26-09-2020 00:00,27-09-2020 00:00,88.42,6.61,45.27,0.84
1000,27-09-2020 00:00,28-09-2020 00:00,45.04,7.4,39.56,0.99
1001,28-09-2020 00:00,29-09-2020 00:00,62.61,8.03,37.01,0.77
1002,29-09-2020 00:00,30-09-2020 00:00,62.36,7.1,38.36,0.77
1003,30-09-2020 00:00,01-10-2020 00:00,62.12,9.14,37.45,0.92
1004,01-10-2020 00:00,02-10-2020 00:00,70.09,5.66,46.7,1.25
1005,02-10-2020 00:00,03-10-2020 00:00,92.89,8.42,46.69,1.13
1006,03-10-2020 00:00,04-10-2020 00:00,99.23,9.31,51.73,1.17
1007,04-10-2020 00:00,05-10-2020 00:00,114.62,8.27,55.85,1.02
1008,05-10-2020 00:00,06-10-2020 00:00,68.49,8.28,49.68,1.12
1009,06-10-2020 00:00,07-10-2020 00:00,106.43,8.57,54.83,1.54
1010,07-10-2020 00:00,08-10-2020 00:00,129.7,7.75,83.04,1.38
1011,08-10-2020 00:00,09-10-2020 00:00,134.93,9.15,71.67,1.06
1012,09-10-2020 00:00,10-10-2020 00:00,122.09,8.38,77.28,1.04
1013,10-10-2020 00:00,11-10-2020 00:00,165.29,15.32,60.88,1.03
1014,11-10-2020 00:00,12-10-2020 00:00,144.84,11.84,77.34,1.01
1015,12-10-2020 00:00,13-10-2020 00:00,145.67,6.4,77.88,1.6
1016,13-10-2020 00:00,14-10-2020 00:00,121.12,7.13,37.44,1.3
1017,14-10-2020 00:00,15-10-2020 00:00,137.57,8.52,67.37,1.1
1018,15-10-2020 00:00,16-10-2020 00:00,202.19,8.4,66.39,1.38
1019,16-10-2020 00:00,17-10-2020 00:00,145.59,9.01,72.02,1.42
1020,17-10-2020 00:00,18-10-2020 00:00,136.41,13.47,66.91,1.76
1021,18-10-2020 00:00,19-10-2020 00:00,97.41,14.45,48.89,1.15
1022,19-10-2020 00:00,20-10-2020 00:00,128.49,11.64,50.14,1.34
1023,20-10-2020 00:00,21-10-2020 00:00,120.81,10.79,55.39,0.65
1024,21-10-2020 00:00,22-10-2020 00:00,205.6,10.19,78.13,0.54
1025,22-10-2020 00:00,23-10-2020 00:00,80.42,11.52,61.0,0.91
1026,23-10-2020 00:00,24-10-2020 00:00,153.41,10.41,63.61,2.19
1027,24-10-2020 00:00,25-10-2020 00:00,184.71,13.54,18.64,1.56
1028,25-10-2020 00:00,26-10-2020 00:00,189.83,10.33,26.79,1.9
1029,26-10-2020 00:00,27-10-2020 00:00,118.52,14.81,15.86,2.47
1030,27-10-2020 00:00,28-10-2020 00:00,183.11,10.61,39.87,1.41
1031,28-10-2020 00:00,29-10-2020 00:00,180.4,11.18,94.34,1.5
1032,29-10-2020 00:00,30-10-2020 00:00,140.04,7.26,85.29,2.01
1033,30-10-2020 00:00,31-10-2020 00:00,177.49,7.25,66.06,1.39
1034,31-10-2020 00:00,01-11-2020 00:00,288.17,11.82,76.93,1.37
1035,01-11-2020 00:00,02-11-2020 00:00,258.17,12.89,67.38,1.41
1036,02-11-2020 00:00,03-11-2020 00:00,246.12,11.21,70.67,1.45
1037,03-11-2020 00:00,04-11-2020 00:00,183.73,9.08,99.54,1.51
1038,04-11-2020 00:00,05-11-2020 00:00,327.74,12.58,77.7,2.54
1039,05-11-2020 00:00,06-11-2020 00:00,451.71,10.15,66.14,1.84
1040,06-11-2020 00:00,07-11-2020 00:00,227.09,10.42,97.54,2.01
1041,07-11-2020 00:00,08-11-2020 00:00,266.76,12.75,114.89,1.9
1042,08-11-2020 00:00,09-11-2020 00:00,330.06,23.1,117.64,2.62
1043,09-11-2020 00:00,10-11-2020 00:00,218.38,18.08,110.72,2.94
1044,10-11-2020 00:00,11-11-2020 00:00,233.87,10.39,94.87,2.49
1045,11-11-2020 00:00,12-11-2020 00:00,142.36,13.81,96.16,1.85
1046,12-11-2020 00:00,13-11-2020 00:00,118.59,8.86,121.57,1.65
1047,13-11-2020 00:00,14-11-2020 00:00,175.22,10.79,148.15,1.9
1048,14-11-2020 00:00,15-11-2020 00:00,262.3,15.88,158.09,2.0
1049,15-11-2020 00:00,16-11-2020 00:00,157.46,11.34,107.1,1.57
1050,16-11-2020 00:00,17-11-2020 00:00,42.15,7.46,116.63,1.11
1051,17-11-2020 00:00,18-11-2020 00:00,55.92,6.25,103.06,0.75
1052,18-11-2020 00:00,19-11-2020 00:00,105.45,6.98,123.09,0.92
1053,19-11-2020 00:00,20-11-2020 00:00,141.15,6.53,130.21,1.01
1054,20-11-2020 00:00,21-11-2020 00:00,173.11,9.29,139.51,0.98
1055,21-11-2020 00:00,22-11-2020 00:00,99.12,8.08,122.92,1.24
1056,22-11-2020 00:00,23-11-2020 00:00,132.76,8.53,142.01,0.92
1057,23-11-2020 00:00,24-11-2020 00:00,148.42,8.08,168.55,2.29
1058,24-11-2020 00:00,25-11-2020 00:00,203.24,7.3,168.2,2.4
1059,25-11-2020 00:00,26-11-2020 00:00,145.85,7.1,137.38,1.83
1060,26-11-2020 00:00,27-11-2020 00:00,47.32,2.5,125.08,0.82
1061,27-11-2020 00:00,28-11-2020 00:00,67.69,10.17,126.17,0.87
1062,28-11-2020 00:00,29-11-2020 00:00,107.36,5.54,135.83,1.54
1063,29-11-2020 00:00,30-11-2020 00:00,162.8,12.58,166.45,1.6
1064,30-11-2020 00:00,01-12-2020 00:00,158.13,17.07,178.07,1.83
1065,01-12-2020 00:00,02-12-2020 00:00,159.25,10.24,165.52,1.98
1066,02-12-2020 00:00,03-12-2020 00:00,191.35,9.58,163.27,1.85
1067,03-12-2020 00:00,04-12-2020 00:00,173.15,12.87,167.12,2.06
1068,04-12-2020 00:00,05-12-2020 00:00,207.54,6.83,142.18,2.44
1069,05-12-2020 00:00,06-12-2020 00:00,164.79,6.47,108.89,1.54
1070,06-12-2020 00:00,07-12-2020 00:00,153.5,8.55,140.28,1.52
1071,07-12-2020 00:00,08-12-2020 00:00,166.75,5.97,139.59,1.91
1072,08-12-2020 00:00,09-12-2020 00:00,172.99,8.06,160.51,2.43
1073,09-12-2020 00:00,10-12-2020 00:00,145.36,17.78,151.59,2.44
1074,10-12-2020 00:00,11-12-2020 00:00,97.86,6.85,136.65,1.26
1075,11-12-2020 00:00,12-12-2020 00:00,221.69,6.14,143.27,1.52
1076,12-12-2020 00:00,13-12-2020 00:00,155.57,4.53,108.54,1.53
1077,13-12-2020 00:00,14-12-2020 00:00,114.9,4.73,49.83,0.76
1078,14-12-2020 00:00,15-12-2020 00:00,93.2,9.0,40.57,0.45
1079,15-12-2020 00:00,16-12-2020 00:00,119.34,7.87,50.95,0.65
1080,16-12-2020 00:00,17-12-2020 00:00,105.97,9.27,54.2,0.87
1081,17-12-2020 00:00,18-12-2020 00:00,117.01,11.08,48.11,0.82
1082,18-12-2020 00:00,19-12-2020 00:00,139.29,13.84,66.15,1.0
1083,19-12-2020 00:00,20-12-2020 00:00,138.13,28.7,87.48,1.2
1084,20-12-2020 00:00,21-12-2020 00:00,193.58,17.58,109.49,1.45
1085,21-12-2020 00:00,22-12-2020 00:00,270.81,18.29,123.85,1.62
1086,22-12-2020 00:00,23-12-2020 00:00,341.16,18.12,116.89,2.22
1087,23-12-2020 00:00,24-12-2020 00:00,336.52,14.5,131.69,2.06
1088,24-12-2020 00:00,25-12-2020 00:00,234.35,17.18,112.78,1.98
1089,25-12-2020 00:00,26-12-2020 00:00,183.31,11.4,89.87,1.31
1090,26-12-2020 00:00,27-12-2020 00:00,190.12,15.39,117.4,3.64
1091,27-12-2020 00:00,28-12-2020 00:00,223.08,12.93,119.49,1.78
1092,28-12-2020 00:00,29-12-2020 00:00,87.35,8.8,102.26,0.81
1093,29-12-2020 00:00,30-12-2020 00:00,115.92,9.41,135.15,1.11
1094,30-12-2020 00:00,31-12-2020 00:00,149.23,2.54,131.75,1.08
1095,31-12-2020 00:00,01-01-2021 00:00,236.72,15.51,184.61,1.76
1096,01-01-2021 00:00,02-01-2021 00:00,248.71,9.05,159.63,2.58
1097,02-01-2021 00:00,03-01-2021 00:00,208.81,8.57,151.7,1.35
1098,03-01-2021 00:00,04-01-2021 00:00,76.02,7.84,114.31,0.89
1099,04-01-2021 00:00,05-01-2021 00:00,26.4,12.1,107.99,1.15
1100,05-01-2021 00:00,06-01-2021 00:00,35.37,19.55,123.53,0.56
1101,06-01-2021 00:00,07-01-2021 00:00,40.93,7.03,118.63,0.43
1102,07-01-2021 00:00,08-01-2021 00:00,58.81,3.99,123.82,0.48
1103,08-01-2021 00:00,09-01-2021 00:00,55.0,5.92,128.43,0.47
1104,09-01-2021 00:00,10-01-2021 00:00,93.71,8.25,116.43,0.78
1105,10-01-2021 00:00,11-01-2021 00:00,72.37,3.9,124.04,0.57
1106,11-01-2021 00:00,12-01-2021 00:00,73.05,4.1,111.22,0.73
1107,12-01-2021 00:00,13-01-2021 00:00,98.31,3.57,122.62,1.0
1108,13-01-2021 00:00,14-01-2021 00:00,143.55,7.36,145.28,1.37
1109,14-01-2021 00:00,15-01-2021 00:00,155.52,8.81,173.25,2.38
1110,15-01-2021 00:00,16-01-2021 00:00,190.57,5.15,194.72,3.18
1111,16-01-2021 00:00,17-01-2021 00:00,238.29,7.93,155.07,1.89
1112,17-01-2021 00:00,18-01-2021 00:00,156.44,9.01,126.94,1.27
1113,18-01-2021 00:00,19-01-2021 00:00,162.3,8.04,153.24,1.97
1114,19-01-2021 00:00,20-01-2021 00:00,179.36,4.5,163.83,2.05
1115,20-01-2021 00:00,21-01-2021 00:00,153.26,3.95,129.51,1.13
1116,21-01-2021 00:00,22-01-2021 00:00,140.76,5.72,134.38,0.82
1117,22-01-2021 00:00,23-01-2021 00:00,159.26,8.8,116.51,1.91
1118,23-01-2021 00:00,24-01-2021 00:00,141.46,6.72,88.84,1.09
1119,24-01-2021 00:00,25-01-2021 00:00,216.79,3.95,134.59,1.5
1120,25-01-2021 00:00,26-01-2021 00:00,154.33,4.16,135.47,1.18
1121,26-01-2021 00:00,27-01-2021 00:00,183.49,3.89,155.88,1.59
1122,27-01-2021 00:00,28-01-2021 00:00,153.34,5.77,138.34,1.33
1123,28-01-2021 00:00,29-01-2021 00:00,168.59,7.53,118.81,2.1
1124,29-01-2021 00:00,30-01-2021 00:00,158.02,4.34,112.91,4.22
1125,30-01-2021 00:00,31-01-2021 00:00,131.4,6.88,92.55,2.18
1126,31-01-2021 00:00,01-02-2021 00:00,175.48,10.01,120.33,1.81
1127,01-02-2021 00:00,02-02-2021 00:00,183.18,6.67,119.01,2.04
1128,02-02-2021 00:00,03-02-2021 00:00,186.53,10.57,140.67,1.87
1129,03-02-2021 00:00,04-02-2021 00:00,187.85,8.25,83.78,2.66
1130,04-02-2021 00:00,05-02-2021 00:00,113.88,3.9,76.4,0.7
1131,05-02-2021 00:00,06-02-2021 00:00,37.88,7.78,88.84,0.93
1132,06-02-2021 00:00,07-02-2021 00:00,79.48,11.45,88.19,0.74
1133,07-02-2021 00:00,08-02-2021 00:00,104.52,8.88,96.7,1.0
1134,08-02-2021 00:00,09-02-2021 00:00,154.53,4.04,107.76,1.23
1135,09-02-2021 00:00,10-02-2021 00:00,169.95,12.75,121.42,1.18
1136,10-02-2021 00:00,11-02-2021 00:00,181.08,11.65,132.11,1.36
1137,11-02-2021 00:00,12-02-2021 00:00,180.43,10.54,109.74,1.32
1138,12-02-2021 00:00,13-02-2021 00:00,215.91,11.07,109.51,1.26
1139,13-02-2021 00:00,14-02-2021 00:00,138.02,10.63,104.01,2.19
1140,14-02-2021 00:00,15-02-2021 00:00,158.09,10.97,128.65,1.5
1141,15-02-2021 00:00,16-02-2021 00:00,181.52,10.76,103.53,1.37
1142,16-02-2021 00:00,17-02-2021 00:00,160.0,15.54,93.57,1.14
1143,17-02-2021 00:00,18-02-2021 00:00,151.97,18.5,75.38,1.51
1144,18-02-2021 00:00,19-02-2021 00:00,188.91,12.04,99.03,1.23
1145,19-02-2021 00:00,20-02-2021 00:00,161.39,16.43,68.55,1.43
1146,20-02-2021 00:00,21-02-2021 00:00,111.3,14.21,41.31,1.35
1147,21-02-2021 00:00,22-02-2021 00:00,150.54,17.82,48.41,0.84
1148,22-02-2021 00:00,23-02-2021 00:00,161.46,13.81,78.27,0.93
1149,23-02-2021 00:00,24-02-2021 00:00,132.29,20.16,91.69,1.37
1150,24-02-2021 00:00,25-02-2021 00:00,153.89,13.53,58.55,2.63
1151,25-02-2021 00:00,26-02-2021 00:00,176.19,18.23,43.34,1.36
1152,26-02-2021 00:00,27-02-2021 00:00,101.95,30.86,41.64,1.2
1153,27-02-2021 00:00,28-02-2021 00:00,99.81,28.65,47.6,0.71
1154,28-02-2021 00:00,01-03-2021 00:00,60.84,19.58,38.48,0.76
1155,01-03-2021 00:00,02-03-2021 00:00,77.14,18.1,395.73,0.5
1156,02-03-2021 00:00,03-03-2021 00:00,60.91,19.6,198.63,0.73
1157,03-03-2021 00:00,04-03-2021 00:00,75.1,21.88,258.3,1.43
1158,04-03-2021 00:00,05-03-2021 00:00,149.12,34.75,220.88,1.96
1159,05-03-2021 00:00,06-03-2021 00:00,85.6,20.03,254.87,0.92
1160,06-03-2021 00:00,07-03-2021 00:00,78.28,24.71,221.86,1.21
1161,07-03-2021 00:00,08-03-2021 00:00,138.29,25.89,221.04,1.3
1162,08-03-2021 00:00,09-03-2021 00:00,125.9,20.29,185.32,1.15
1163,09-03-2021 00:00,10-03-2021 00:00,130.07,21.11,236.7,0.9
1164,10-03-2021 00:00,11-03-2021 00:00,80.62,25.62,236.54,0.98
1165,11-03-2021 00:00,12-03-2021 00:00,142.74,27.91,240.96,0.94
1166,12-03-2021 00:00,13-03-2021 00:00,141.4,22.46,235.68,1.49
1167,13-03-2021 00:00,14-03-2021 00:00,83.37,19.7,205.41,1.4
1168,14-03-2021 00:00,15-03-2021 00:00,84.71,24.11,217.46,0.85
1169,15-03-2021 00:00,16-03-2021 00:00,89.97,25.28,260.87,0.98
1170,16-03-2021 00:00,17-03-2021 00:00,99.44,20.99,259.31,0.73
1171,17-03-2021 00:00,18-03-2021 00:00,104.37,31.8,256.62,0.79
1172,18-03-2021 00:00,19-03-2021 00:00,123.21,31.06,234.91,0.8
1173,19-03-2021 00:00,20-03-2021 00:00,91.86,27.66,236.04,0.73
1174,20-03-2021 00:00,21-03-2021 00:00,94.57,34.71,278.43,0.87
1175,21-03-2021 00:00,22-03-2021 00:00,117.47,49.02,245.59,0.94
1176,22-03-2021 00:00,23-03-2021 00:00,70.85,23.34,280.42,1.05
1177,23-03-2021 00:00,24-03-2021 00:00,71.05,18.49,224.04,0.69
1178,24-03-2021 00:00,25-03-2021 00:00,62.49,21.98,291.61,1.16
1179,25-03-2021 00:00,26-03-2021 00:00,55.46,22.09,224.09,0.81
1180,26-03-2021 00:00,27-03-2021 00:00,67.69,24.72,256.8,1.21
1181,27-03-2021 00:00,28-03-2021 00:00,106.56,36.83,246.97,1.26
1182,28-03-2021 00:00,29-03-2021 00:00,138.8,35.47,257.93,1.06
1183,29-03-2021 00:00,30-03-2021 00:00,167.04,29.76,267.0,1.25
1184,30-03-2021 00:00,31-03-2021 00:00,74.08,18.23,251.4,0.9
1185,31-03-2021 00:00,01-04-2021 00:00,48.94,18.73,241.93,0.97
1186,01-04-2021 00:00,02-04-2021 00:00,50.35,24.02,221.17,0.63
1187,02-04-2021 00:00,03-04-2021 00:00,75.37,32.56,262.45,0.92
1188,03-04-2021 00:00,04-04-2021 00:00,91.83,36.17,241.16,1.44
1189,04-04-2021 00:00,05-04-2021 00:00,77.28,30.7,240.12,1.23
1190,05-04-2021 00:00,06-04-2021 00:00,99.39,36.33,240.65,1.71
1191,06-04-2021 00:00,07-04-2021 00:00,141.41,34.28,224.89,1.79
1192,07-04-2021 00:00,08-04-2021 00:00,82.55,22.46,275.92,1.31
1193,08-04-2021 00:00,09-04-2021 00:00,68.46,23.42,238.03,1.03
1194,09-04-2021 00:00,10-04-2021 00:00,58.74,20.26,253.26,1.37
1195,10-04-2021 00:00,11-04-2021 00:00,75.29,30.96,265.82,1.02
1196,11-04-2021 00:00,12-04-2021 00:00,91.83,34.42,264.2,0.89
1197,12-04-2021 00:00,13-04-2021 00:00,116.88,36.25,261.95,2.41
1198,13-04-2021 00:00,14-04-2021 00:00,82.63,30.08,275.47,1.49
1199,14-04-2021 00:00,15-04-2021 00:00,71.99,27.21,259.04,1.17
1200,15-04-2021 00:00,16-04-2021 00:00,85.72,37.16,285.69,1.34
1201,16-04-2021 00:00,17-04-2021 00:00,113.44,33.17,210.05,1.4
1202,17-04-2021 00:00,18-04-2021 00:00,42.88,23.69,293.11,0.7
1203,18-04-2021 00:00,19-04-2021 00:00,60.05,26.57,230.49,1.22
1204,19-04-2021 00:00,20-04-2021 00:00,69.59,33.22,255.58,0.77
1205,20-04-2021 00:00,21-04-2021 00:00,40.62,18.49,194.29,0.26
1206,21-04-2021 00:00,22-04-2021 00:00,35.2,20.19,274.64,1.42
1207,22-04-2021 00:00,23-04-2021 00:00,59.0,12.85,260.51,1.3
1208,23-04-2021 00:00,24-04-2021 00:00,25.54,9.63,303.35,1.1
1209,24-04-2021 00:00,25-04-2021 00:00,30.86,18.21,174.99,1.05
1210,25-04-2021 00:00,26-04-2021 00:00,51.47,29.11,256.06,1.31
1211,26-04-2021 00:00,27-04-2021 00:00,102.59,39.56,225.21,0.97
1212,27-04-2021 00:00,28-04-2021 00:00,124.35,33.82,325.14,2.14
1213,28-04-2021 00:00,29-04-2021 00:00,126.77,21.47,55.14,0.75
1214,29-04-2021 00:00,30-04-2021 00:00,81.31,24.72,23.08,0.69
1215,30-04-2021 00:00,01-05-2021 00:00,69.0,24.48,27.02,1.91
1216,01-05-2021 00:00,02-05-2021 00:00,66.54,18.66,14.6,1.92
1217,02-05-2021 00:00,03-05-2021 00:00,58.9,24.01,13.15,2.0
1218,03-05-2021 00:00,04-05-2021 00:00,70.98,27.12,16.35,2.14
1219,04-05-2021 00:00,05-05-2021 00:00,79.26,21.62,18.47,1.32
1220,05-05-2021 00:00,06-05-2021 00:00,59.14,12.75,11.69,1.7
1221,06-05-2021 00:00,07-05-2021 00:00,50.26,14.73,11.53,0.22
1222,07-05-2021 00:00,08-05-2021 00:00,46.97,16.43,25.35,0.24
1223,08-05-2021 00:00,09-05-2021 00:00,64.06,25.06,26.27,0.37
1224,09-05-2021 00:00,10-05-2021 00:00,48.95,28.82,17.61,0.43
1225,10-05-2021 00:00,11-05-2021 00:00,41.09,27.76,22.42,0.59
1226,11-05-2021 00:00,12-05-2021 00:00,60.68,25.57,24.43,0.38
1227,12-05-2021 00:00,13-05-2021 00:00,39.9,26.74,22.97,0.68
1228,13-05-2021 00:00,14-05-2021 00:00,34.46,3.62,10.91,0.72
1229,14-05-2021 00:00,15-05-2021 00:00,40.62,5.19,15.48,0.65
1230,15-05-2021 00:00,16-05-2021 00:00,51.54,21.83,34.21,1.55
1231,16-05-2021 00:00,17-05-2021 00:00,46.12,31.08,37.6,1.2
1232,17-05-2021 00:00,18-05-2021 00:00,110.7,48.07,54.18,2.14
1233,18-05-2021 00:00,19-05-2021 00:00,30.42,6.84,12.05,0.89
1234,19-05-2021 00:00,20-05-2021 00:00,30.18,2.64,7.59,1.0
1235,20-05-2021 00:00,21-05-2021 00:00,7.09,2.63,4.51,1.56
1236,21-05-2021 00:00,22-05-2021 00:00,14.85,17.66,168.51,1.01
1237,22-05-2021 00:00,23-05-2021 00:00,25.7,17.87,84.61,1.08
1238,23-05-2021 00:00,24-05-2021 00:00,88.44,30.17,75.79,1.6
1239,24-05-2021 00:00,25-05-2021 00:00,31.81,27.07,55.32,1.96
1240,25-05-2021 00:00,26-05-2021 00:00,24.94,33.06,56.7,1.9
1241,26-05-2021 00:00,27-05-2021 00:00,69.66,25.88,78.42,1.42
1242,27-05-2021 00:00,28-05-2021 00:00,80.04,20.57,85.88,0.89
1243,28-05-2021 00:00,29-05-2021 00:00,25.26,17.17,50.44,1.68
1244,29-05-2021 00:00,30-05-2021 00:00,14.15,17.25,47.31,0.65
1245,30-05-2021 00:00,31-05-2021 00:00,18.54,18.32,48.27,0.58
1246,31-05-2021 00:00,01-06-2021 00:00,39.49,18.74,55.34,0.39
1247,01-06-2021 00:00,02-06-2021 00:00,12.72,10.46,40.15,0.41
1248,02-06-2021 00:00,03-06-2021 00:00,52.89,6.31,15.27,0.68
1249,03-06-2021 00:00,04-06-2021 00:00,44.37,5.07,11.96,1.08
1250,04-06-2021 00:00,05-06-2021 00:00,45.22,22.89,78.15,0.84
1251,05-06-2021 00:00,06-06-2021 00:00,26.75,28.2,54.27,0.43
1252,06-06-2021 00:00,07-06-2021 00:00,51.34,24.0,82.69,2.28
1253,07-06-2021 00:00,08-06-2021 00:00,49.62,23.14,104.33,0.82
1254,08-06-2021 00:00,09-06-2021 00:00,61.67,27.95,44.1,0.68
1255,09-06-2021 00:00,10-06-2021 00:00,67.4,24.22,84.6,0.41
1256,10-06-2021 00:00,11-06-2021 00:00,27.83,18.32,75.46,1.91
1257,11-06-2021 00:00,12-06-2021 00:00,15.78,14.28,66.29,1.01
1258,12-06-2021 00:00,13-06-2021 00:00,18.75,23.81,40.96,1.78
1259,13-06-2021 00:00,14-06-2021 00:00,18.92,19.11,42.73,0.67
1260,14-06-2021 00:00,15-06-2021 00:00,19.63,19.81,59.32,0.76
1261,15-06-2021 00:00,16-06-2021 00:00,12.3,15.38,41.79,1.31
1262,16-06-2021 00:00,17-06-2021 00:00,22.14,18.73,69.53,0.79
1263,17-06-2021 00:00,18-06-2021 00:00,13.58,22.5,54.98,1.52
1264,18-06-2021 00:00,19-06-2021 00:00,10.06,19.31,48.67,1.45
1265,19-06-2021 00:00,20-06-2021 00:00,7.76,19.85,48.32,1.14
1266,20-06-2021 00:00,21-06-2021 00:00,5.85,13.38,35.99,0.78
1267,21-06-2021 00:00,22-06-2021 00:00,14.19,23.76,42.29,1.18
1268,22-06-2021 00:00,23-06-2021 00:00,41.15,26.57,38.97,1.15
1269,23-06-2021 00:00,24-06-2021 00:00,56.05,25.39,76.2,1.21
1270,24-06-2021 00:00,25-06-2021 00:00,86.33,27.73,71.0,1.21
1271,25-06-2021 00:00,26-06-2021 00:00,83.71,23.25,66.46,1.36
1272,26-06-2021 00:00,27-06-2021 00:00,43.21,23.8,48.46,0.87
1273,27-06-2021 00:00,28-06-2021 00:00,53.83,23.73,43.33,0.67
1274,28-06-2021 00:00,29-06-2021 00:00,66.86,21.87,58.21,0.68
1275,29-06-2021 00:00,30-06-2021 00:00,85.24,30.99,56.22,0.64
1276,30-06-2021 00:00,01-07-2021 00:00,86.98,29.91,50.0,0.71
1277,01-07-2021 00:00,02-07-2021 00:00,75.44,29.58,45.99,0.64
1278,02-07-2021 00:00,03-07-2021 00:00,63.02,23.85,46.64,0.59
1279,03-07-2021 00:00,04-07-2021 00:00,46.3,24.82,47.67,0.76
1280,04-07-2021 00:00,05-07-2021 00:00,43.47,23.35,40.9,0.58
1281,05-07-2021 00:00,06-07-2021 00:00,60.56,19.47,36.43,0.55
1282,06-07-2021 00:00,07-07-2021 00:00,52.77,23.63,45.87,0.6
1283,07-07-2021 00:00,08-07-2021 00:00,69.12,21.93,48.12,0.65
1284,08-07-2021 00:00,09-07-2021 00:00,56.43,28.98,38.31,0.55
1285,09-07-2021 00:00,10-07-2021 00:00,34.59,22.24,30.69,0.77
1286,10-07-2021 00:00,11-07-2021 00:00,26.31,14.75,33.2,0.59
1287,11-07-2021 00:00,12-07-2021 00:00,28.88,26.19,24.87,0.64
1288,12-07-2021 00:00,13-07-2021 00:00,19.74,11.76,28.79,0.62
1289,13-07-2021 00:00,14-07-2021 00:00,18.4,14.92,33.87,0.55
1290,14-07-2021 00:00,15-07-2021 00:00,16.91,16.8,36.15,0.67
1291,15-07-2021 00:00,16-07-2021 00:00,26.88,16.84,26.43,0.62
1292,16-07-2021 00:00,17-07-2021 00:00,27.93,14.87,24.05,0.55
1293,17-07-2021 00:00,18-07-2021 00:00,39.8,16.41,32.67,0.88
1294,18-07-2021 00:00,19-07-2021 00:00,32.76,14.51,34.51,1.06
1295,19-07-2021 00:00,20-07-2021 00:00,9.57,14.15,32.4,0.74
1296,20-07-2021 00:00,21-07-2021 00:00,11.33,15.81,26.91,0.98
1297,21-07-2021 00:00,22-07-2021 00:00,18.84,14.14,25.72,0.75
1298,22-07-2021 00:00,23-07-2021 00:00,11.58,16.11,22.23,0.93
1299,23-07-2021 00:00,24-07-2021 00:00,26.04,18.83,32.91,0.79
1300,24-07-2021 00:00,25-07-2021 00:00,28.82,16.02,33.75,0.82
1301,25-07-2021 00:00,26-07-2021 00:00,20.97,10.64,31.85,0.66
1302,26-07-2021 00:00,27-07-2021 00:00,28.86,14.56,34.01,0.89
1303,27-07-2021 00:00,28-07-2021 00:00,32.11,11.08,32.84,0.93
1304,28-07-2021 00:00,29-07-2021 00:00,7.79,14.82,38.16,0.53
1305,29-07-2021 00:00,30-07-2021 00:00,19.12,11.21,32.62,0.85
1306,30-07-2021 00:00,31-07-2021 00:00,9.22,15.28,25.67,0.68
1307,31-07-2021 00:00,01-08-2021 00:00,10.19,12.92,29.39,0.55
1308,01-08-2021 00:00,02-08-2021 00:00,18.5,14.9,32.77,0.54
1309,02-08-2021 00:00,03-08-2021 00:00,16.69,12.65,25.68,0.53
1310,03-08-2021 00:00,04-08-2021 00:00,12.44,12.73,22.2,0.72
1311,04-08-2021 00:00,05-08-2021 00:00,12.98,13.9,24.13,0.62
1312,05-08-2021 00:00,06-08-2021 00:00,22.73,13.83,29.34,0.56
1313,06-08-2021 00:00,07-08-2021 00:00,29.17,14.83,28.41,0.59
1314,07-08-2021 00:00,08-08-2021 00:00,18.49,15.02,26.47,1.23
1315,08-08-2021 00:00,09-08-2021 00:00,25.06,15.06,25.23,0.79
1316,09-08-2021 00:00,10-08-2021 00:00,22.28,14.36,31.76,1.43
1317,10-08-2021 00:00,11-08-2021 00:00,40.89,15.36,32.95,0.51
1318,11-08-2021 00:00,12-08-2021 00:00,32.82,16.39,28.67,1.05
1319,12-08-2021 00:00,13-08-2021 00:00,31.39,14.61,27.53,0.86
1320,13-08-2021 00:00,14-08-2021 00:00,31.07,18.32,31.6,0.67
1321,14-08-2021 00:00,15-08-2021 00:00,31.25,22.15,25.66,0.69
1322,15-08-2021 00:00,16-08-2021 00:00,33.46,19.93,27.14,0.88
1323,16-08-2021 00:00,17-08-2021 00:00,48.34,17.72,30.32,0.98
1324,17-08-2021 00:00,18-08-2021 00:00,53.46,16.24,36.17,1.22
1325,18-08-2021 00:00,19-08-2021 00:00,55.24,23.35,43.0,1.38
1326,19-08-2021 00:00,20-08-2021 00:00,50.32,10.19,41.19,2.34
1327,20-08-2021 00:00,21-08-2021 00:00,24.65,13.47,29.92,1.49
1328,21-08-2021 00:00,22-08-2021 00:00,18.29,13.75,22.94,1.71
1329,22-08-2021 00:00,23-08-2021 00:00,27.71,11.24,23.69,1.58
1330,23-08-2021 00:00,24-08-2021 00:00,27.25,15.9,29.85,2.41
1331,24-08-2021 00:00,25-08-2021 00:00,51.23,14.21,38.38,2.43
1332,25-08-2021 00:00,26-08-2021 00:00,40.7,12.87,32.55,2.3
1333,26-08-2021 00:00,27-08-2021 00:00,32.83,24.91,33.43,1.14
1334,27-08-2021 00:00,28-08-2021 00:00,39.78,22.76,71.52,1.01
1335,28-08-2021 00:00,29-08-2021 00:00,28.9,17.33,83.47,1.59
1336,29-08-2021 00:00,30-08-2021 00:00,35.45,14.97,69.22,2.01
1337,30-08-2021 00:00,31-08-2021 00:00,14.72,13.16,58.9,1.32
1338,31-08-2021 00:00,01-09-2021 00:00,9.86,15.54,70.29,1.43
1339,01-09-2021 00:00,02-09-2021 00:00,21.96,14.82,78.21,0.65
1340,02-09-2021 00:00,03-09-2021 00:00,13.64,12.7,74.04,1.91
1341,03-09-2021 00:00,04-09-2021 00:00,8.33,13.38,115.15,2.03
1342,04-09-2021 00:00,05-09-2021 00:00,15.0,15.31,116.2,1.6
1343,05-09-2021 00:00,06-09-2021 00:00,36.65,18.71,105.03,2.8
1344,06-09-2021 00:00,07-09-2021 00:00,47.93,18.98,115.19,3.2
1345,07-09-2021 00:00,08-09-2021 00:00,14.0,12.35,53.24,2.39
1346,08-09-2021 00:00,09-09-2021 00:00,13.27,11.56,38.13,1.75
1347,09-09-2021 00:00,10-09-2021 00:00,16.73,13.15,35.91,1.47
1348,10-09-2021 00:00,11-09-2021 00:00,15.56,15.57,27.14,1.64
1349,11-09-2021 00:00,12-09-2021 00:00,15.87,14.48,24.06,1.3
1350,12-09-2021 00:00,13-09-2021 00:00,13.92,15.89,16.65,1.57
1351,13-09-2021 00:00,14-09-2021 00:00,11.33,13.63,59.97,1.55
1352,14-09-2021 00:00,15-09-2021 00:00,10.35,15.82,34.56,1.27
1353,15-09-2021 00:00,16-09-2021 00:00,23.41,17.35,52.81,1.77
1354,16-09-2021 00:00,17-09-2021 00:00,23.4,12.13,51.85,1.4
1355,17-09-2021 00:00,18-09-2021 00:00,14.89,14.57,24.05,1.2
1356,18-09-2021 00:00,19-09-2021 00:00,15.8,15.06,21.5,1.08
1357,19-09-2021 00:00,20-09-2021 00:00,33.51,18.85,32.34,1.24
1358,20-09-2021 00:00,21-09-2021 00:00,26.16,12.44,33.26,1.59
1359,21-09-2021 00:00,22-09-2021 00:00,27.82,13.81,43.33,1.41
1360,22-09-2021 00:00,23-09-2021 00:00,10.35,12.33,30.21,1.05
1361,23-09-2021 00:00,24-09-2021 00:00,13.2,13.43,37.46,1.07
1362,24-09-2021 00:00,25-09-2021 00:00,9.78,13.01,29.4,1.59
1363,25-09-2021 00:00,26-09-2021 00:00,15.05,12.14,23.99,0.96
1364,26-09-2021 00:00,27-09-2021 00:00,18.31,16.19,18.3,1.18
1365,27-09-2021 00:00,28-09-2021 00:00,26.39,12.1,42.84,1.48
1366,28-09-2021 00:00,29-09-2021 00:00,25.45,12.32,22.52,1.27
1367,29-09-2021 00:00,30-09-2021 00:00,15.16,14.98,24.17,1.26
1368,30-09-2021 00:00,01-10-2021 00:00,10.25,12.25,26.62,1.1
1369,01-10-2021 00:00,02-10-2021 00:00,41.74,22.23,48.05,2.08
1370,02-10-2021 00:00,03-10-2021 00:00,86.87,19.35,44.21,1.58
1371,03-10-2021 00:00,04-10-2021 00:00,51.91,18.78,46.98,0.96
1372,04-10-2021 00:00,05-10-2021 00:00,26.36,19.9,47.35,0.76
1373,05-10-2021 00:00,06-10-2021 00:00,35.78,15.93,40.27,0.97
1374,06-10-2021 00:00,07-10-2021 00:00,46.39,16.96,46.39,1.37
1375,07-10-2021 00:00,08-10-2021 00:00,62.06,23.53,40.36,0.66
1376,08-10-2021 00:00,09-10-2021 00:00,82.35,27.49,44.54,0.47
1377,09-10-2021 00:00,10-10-2021 00:00,92.93,37.26,43.95,0.58
1378,10-10-2021 00:00,11-10-2021 00:00,95.28,30.6,50.11,0.53
1379,11-10-2021 00:00,12-10-2021 00:00,81.0,28.67,53.76,0.93
1380,12-10-2021 00:00,13-10-2021 00:00,72.37,21.89,99.29,0.98
1381,13-10-2021 00:00,14-10-2021 00:00,108.76,16.47,20.74,1.26
1382,14-10-2021 00:00,15-10-2021 00:00,119.81,30.3,25.82,1.29
1383,15-10-2021 00:00,16-10-2021 00:00,136.9,33.32,0.7,1.56
1384,16-10-2021 00:00,17-10-2021 00:00,70.71,21.97,30.75,1.18
1385,17-10-2021 00:00,18-10-2021 00:00,49.3,29.36,13.69,0.41
1386,18-10-2021 00:00,19-10-2021 00:00,12.55,32.73,10.87,0.85
1387,19-10-2021 00:00,20-10-2021 00:00,60.32,29.29,34.72,0.51
1388,20-10-2021 00:00,21-10-2021 00:00,130.79,21.95,40.44,0.98
1389,21-10-2021 00:00,22-10-2021 00:00,135.39,20.99,68.84,2.0
1390,22-10-2021 00:00,23-10-2021 00:00,91.09,22.45,71.16,1.25
1391,23-10-2021 00:00,24-10-2021 00:00,100.81,21.54,48.87,1.55
1392,24-10-2021 00:00,25-10-2021 00:00,69.6,21.96,30.41,0.94
1393,25-10-2021 00:00,26-10-2021 00:00,28.58,20.12,41.53,1.43
1394,26-10-2021 00:00,27-10-2021 00:00,112.33,22.09,47.77,1.53
1395,27-10-2021 00:00,28-10-2021 00:00,171.92,27.78,54.07,1.59
1396,28-10-2021 00:00,29-10-2021 00:00,185.21,24.53,57.14,1.93
1397,29-10-2021 00:00,30-10-2021 00:00,150.55,27.15,68.78,1.69
1398,30-10-2021 00:00,31-10-2021 00:00,154.53,24.39,55.61,1.75
1399,31-10-2021 00:00,01-11-2021 00:00,236.18,26.3,75.32,2.17
1400,01-11-2021 00:00,02-11-2021 00:00,200.37,23.98,64.21,2.64
1401,02-11-2021 00:00,03-11-2021 00:00,156.64,23.96,51.66,1.4
1402,03-11-2021 00:00,04-11-2021 00:00,184.65,24.77,82.88,2.18
1403,04-11-2021 00:00,05-11-2021 00:00,190.45,24.05,60.2,1.81
1404,05-11-2021 00:00,06-11-2021 00:00,357.75,29.58,65.57,2.43
1405,06-11-2021 00:00,07-11-2021 00:00,306.66,26.39,56.25,2.32
1406,07-11-2021 00:00,08-11-2021 00:00,356.25,25.47,81.94,2.34
1407,08-11-2021 00:00,09-11-2021 00:00,328.1,23.05,86.3,1.99
1408,09-11-2021 00:00,10-11-2021 00:00,333.27,28.37,81.5,2.4
1409,10-11-2021 00:00,11-11-2021 00:00,177.45,28.82,82.63,2.52
1410,11-11-2021 00:00,12-11-2021 00:00,210.2,24.63,82.08,3.02
1411,12-11-2021 00:00,13-11-2021 00:00,308.05,30.89,82.73,2.68
1412,13-11-2021 00:00,14-11-2021 00:00,189.98,28.16,79.85,2.15
1413,14-11-2021 00:00,15-11-2021 00:00,212.27,31.43,98.37,1.8
1414,15-11-2021 00:00,16-11-2021 00:00,133.6,22.31,80.86,1.93
1415,16-11-2021 00:00,17-11-2021 00:00,241.22,25.69,90.43,1.61
1416,17-11-2021 00:00,18-11-2021 00:00,171.13,26.41,79.71,1.97
1417,18-11-2021 00:00,19-11-2021 00:00,149.52,19.68,86.52,1.94
1418,19-11-2021 00:00,20-11-2021 00:00,219.79,31.66,95.95,1.39
1419,20-11-2021 00:00,21-11-2021 00:00,144.98,29.91,78.7,1.74
1420,21-11-2021 00:00,22-11-2021 00:00,135.38,27.5,71.09,1.01
1421,22-11-2021 00:00,23-11-2021 00:00,141.67,31.37,55.77,0.91
1422,23-11-2021 00:00,24-11-2021 00:00,158.67,36.72,86.68,1.16
1423,24-11-2021 00:00,25-11-2021 00:00,196.2,22.0,62.93,1.86
1424,25-11-2021 00:00,26-11-2021 00:00,247.87,24.19,90.54,2.09
1425,26-11-2021 00:00,27-11-2021 00:00,263.36,23.54,96.01,2.73
1426,27-11-2021 00:00,28-11-2021 00:00,240.68,23.33,53.14,2.96
1427,28-11-2021 00:00,29-11-2021 00:00,163.46,22.13,68.59,2.2
1428,29-11-2021 00:00,30-11-2021 00:00,157.84,21.06,69.2,1.72
1429,30-11-2021 00:00,01-12-2021 00:00,133.59,21.47,70.47,1.06
1430,01-12-2021 00:00,02-12-2021 00:00,202.09,21.0,80.24,1.9
1431,02-12-2021 00:00,03-12-2021 00:00,147.43,20.89,63.42,1.48
1432,03-12-2021 00:00,04-12-2021 00:00,164.05,19.04,52.63,1.46
1433,04-12-2021 00:00,05-12-2021 00:00,117.89,24.97,63.21,1.56
1434,05-12-2021 00:00,06-12-2021 00:00,144.58,23.23,63.1,2.4
1435,06-12-2021 00:00,07-12-2021 00:00,117.72,21.49,50.27,1.22
1436,07-12-2021 00:00,08-12-2021 00:00,115.79,17.11,50.11,1.24
1437,08-12-2021 00:00,09-12-2021 00:00,123.45,19.9,55.68,1.43
1438,09-12-2021 00:00,10-12-2021 00:00,161.68,19.69,70.09,1.55
1439,10-12-2021 00:00,11-12-2021 00:00,119.74,20.15,64.58,1.35
1440,11-12-2021 00:00,12-12-2021 00:00,127.09,19.92,71.22,1.87
1441,12-12-2021 00:00,13-12-2021 00:00,152.93,27.67,94.34,2.5
1442,13-12-2021 00:00,14-12-2021 00:00,122.5,18.58,66.28,2.65
1443,14-12-2021 00:00,15-12-2021 00:00,110.13,18.55,73.29,2.26
1444,15-12-2021 00:00,16-12-2021 00:00,99.62,21.16,72.13,2.02
1445,16-12-2021 00:00,17-12-2021 00:00,138.07,20.5,69.14,1.69
1446,17-12-2021 00:00,18-12-2021 00:00,69.1,17.77,50.04,1.6
1447,18-12-2021 00:00,19-12-2021 00:00,118.91,15.13,51.15,1.52
1448,19-12-2021 00:00,20-12-2021 00:00,118.64,18.82,56.2,1.65
1449,20-12-2021 00:00,21-12-2021 00:00,154.13,16.69,72.46,1.79
1450,21-12-2021 00:00,22-12-2021 00:00,242.39,19.94,84.31,2.44
1451,22-12-2021 00:00,23-12-2021 00:00,147.18,25.86,131.69,2.82
1452,23-12-2021 00:00,24-12-2021 00:00,214.16,23.77,126.47,2.09
1453,24-12-2021 00:00,25-12-2021 00:00,207.65,13.35,77.16,2.07
1454,25-12-2021 00:00,26-12-2021 00:00,227.56,13.74,82.82,2.31
1455,26-12-2021 00:00,27-12-2021 00:00,204.24,20.13,66.0,1.71
1456,27-12-2021 00:00,28-12-2021 00:00,61.96,22.39,60.8,0.81
1457,28-12-2021 00:00,29-12-2021 00:00,116.12,19.36,66.75,1.08
1458,29-12-2021 00:00,30-12-2021 00:00,85.96,21.61,63.67,1.07
1459,30-12-2021 00:00,31-12-2021 00:00,130.47,21.54,66.25,0.79
1460,31-12-2021 00:00,01-01-2022 00:00,146.21,20.78,61.78,0.82
1461,01-01-2022 00:00,02-01-2022 00:00,192.73,21.5,67.12,1.21
1462,02-01-2022 00:00,03-01-2022 00:00,197.31,21.12,68.84,1.74
1463,03-01-2022 00:00,04-01-2022 00:00,218.25,20.44,70.97,0.94
1464,04-01-2022 00:00,05-01-2022 00:00,243.84,22.39,78.32,1.65
1465,05-01-2022 00:00,06-01-2022 00:00,330.39,14.29,70.34,1.39
1466,06-01-2022 00:00,07-01-2022 00:00,108.92,16.6,49.47,1.18
1467,07-01-2022 00:00,08-01-2022 00:00,68.7,16.48,44.09,0.58
1468,08-01-2022 00:00,09-01-2022 00:00,77.78,9.58,39.01,0.81
1469,09-01-2022 00:00,10-01-2022 00:00,21.91,12.81,33.86,0.76
1470,10-01-2022 00:00,11-01-2022 00:00,49.14,13.98,35.21,1.0
1471,11-01-2022 00:00,12-01-2022 00:00,76.65,12.51,42.14,0.22
1472,12-01-2022 00:00,13-01-2022 00:00,88.15,13.29,45.54,0.66
1473,13-01-2022 00:00,14-01-2022 00:00,146.2,15.04,53.45,1.75
1474,14-01-2022 00:00,15-01-2022 00:00,120.39,13.84,48.83,1.21
1475,15-01-2022 00:00,16-01-2022 00:00,114.25,14.07,39.16,0.86
1476,16-01-2022 00:00,17-01-2022 00:00,128.82,12.44,40.32,0.7
1477,17-01-2022 00:00,18-01-2022 00:00,218.14,14.84,53.54,1.55
1478,18-01-2022 00:00,19-01-2022 00:00,192.9,11.5,51.36,0.94
1479,19-01-2022 00:00,20-01-2022 00:00,148.6,12.25,50.19,1.3
1480,20-01-2022 00:00,21-01-2022 00:00,226.65,11.58,49.57,0.98
1481,21-01-2022 00:00,22-01-2022 00:00,170.63,11.05,53.05,0.5
1482,22-01-2022 00:00,23-01-2022 00:00,124.02,10.9,34.91,1.6
1483,23-01-2022 00:00,24-01-2022 00:00,60.21,8.55,39.87,1.27
1484,24-01-2022 00:00,25-01-2022 00:00,60.89,12.56,41.28,1.33
1485,25-01-2022 00:00,26-01-2022 00:00,69.9,11.03,36.51,1.38
1486,26-01-2022 00:00,27-01-2022 00:00,89.0,11.98,35.01,1.42
1487,27-01-2022 00:00,28-01-2022 00:00,76.61,12.74,33.46,1.34
1488,28-01-2022 00:00,29-01-2022 00:00,84.24,14.62,38.48,1.21
1489,29-01-2022 00:00,30-01-2022 00:00,126.3,16.47,46.01,1.42
1490,30-01-2022 00:00,31-01-2022 00:00,118.76,13.63,40.09,1.42
1491,31-01-2022 00:00,01-02-2022 00:00,187.67,10.87,37.73,1.54
1492,01-02-2022 00:00,02-02-2022 00:00,154.83,12.72,39.17,1.35
1493,02-02-2022 00:00,03-02-2022 00:00,169.14,12.72,51.33,1.13
1494,03-02-2022 00:00,04-02-2022 00:00,54.1,4.1,52.6,0.77
1495,04-02-2022 00:00,05-02-2022 00:00,78.16,15.84,26.29,0.84
1496,05-02-2022 00:00,06-02-2022 00:00,65.69,16.96,40.22,0.86
1497,06-02-2022 00:00,07-02-2022 00:00,107.19,17.62,53.69,1.06
1498,07-02-2022 00:00,08-02-2022 00:00,153.5,18.6,49.12,1.21
1499,08-02-2022 00:00,09-02-2022 00:00,208.77,19.35,49.77,1.28
1500,09-02-2022 00:00,10-02-2022 00:00,127.49,22.6,44.14,1.04
1501,10-02-2022 00:00,11-02-2022 00:00,76.67,21.82,37.67,0.82
1502,11-02-2022 00:00,12-02-2022 00:00,68.55,30.28,34.34,0.51
1503,12-02-2022 00:00,13-02-2022 00:00,88.67,22.37,46.03,0.79
1504,13-02-2022 00:00,14-02-2022 00:00,131.57,27.82,61.22,1.19
1505,14-02-2022 00:00,15-02-2022 00:00,144.65,27.12,57.51,1.16
1506,15-02-2022 00:00,16-02-2022 00:00,153.43,24.89,72.6,1.19
1507,16-02-2022 00:00,17-02-2022 00:00,176.3,25.14,64.9,1.03
1508,17-02-2022 00:00,18-02-2022 00:00,130.99,20.59,54.06,0.85
1509,18-02-2022 00:00,19-02-2022 00:00,105.66,24.74,51.67,0.92
1510,19-02-2022 00:00,20-02-2022 00:00,91.16,22.18,47.75,0.6
1511,20-02-2022 00:00,21-02-2022 00:00,79.79,22.89,44.7,0.63
1512,21-02-2022 00:00,22-02-2022 00:00,99.78,21.4,54.26,1.06
1513,22-02-2022 00:00,23-02-2022 00:00,147.91,28.04,37.01,1.23
1514,23-02-2022 00:00,24-02-2022 00:00,92.4,23.83,37.25,0.95
1515,24-02-2022 00:00,25-02-2022 00:00,155.62,22.62,49.57,0.92
1516,25-02-2022 00:00,26-02-2022 00:00,111.77,23.46,39.57,0.76
1517,26-02-2022 00:00,27-02-2022 00:00,16.26,15.22,31.42,0.55
1518,27-02-2022 00:00,28-02-2022 00:00,33.97,17.34,36.56,0.49
1519,28-02-2022 00:00,01-03-2022 00:00,45.03,18.18,35.7,0.51
1520,01-03-2022 00:00,02-03-2022 00:00,85.82,26.19,44.06,0.76
1521,02-03-2022 00:00,03-03-2022 00:00,105.2,24.55,47.39,0.94
1522,03-03-2022 00:00,04-03-2022 00:00,78.65,22.87,50.29,0.73
1523,04-03-2022 00:00,05-03-2022 00:00,94.2,20.81,36.95,0.5
1524,05-03-2022 00:00,06-03-2022 00:00,54.64,18.3,32.64,0.49
1525,06-03-2022 00:00,07-03-2022 00:00,86.3,23.5,47.56,0.85
1526,07-03-2022 00:00,08-03-2022 00:00,150.72,24.1,61.95,1.25
1527,08-03-2022 00:00,09-03-2022 00:00,116.68,24.18,45.84,0.9
1528,09-03-2022 00:00,10-03-2022 00:00,64.56,21.15,36.22,0.45
1529,10-03-2022 00:00,11-03-2022 00:00,62.54,22.58,33.13,0.49
1530,11-03-2022 00:00,12-03-2022 00:00,74.09,20.61,32.66,0.57
1531,12-03-2022 00:00,13-03-2022 00:00,69.42,24.37,32.83,0.62
1532,13-03-2022 00:00,14-03-2022 00:00,86.44,28.66,40.76,0.83
1533,14-03-2022 00:00,15-03-2022 00:00,123.56,26.61,49.7,1.24
1534,15-03-2022 00:00,16-03-2022 00:00,135.08,29.87,42.11,1.06
1535,16-03-2022 00:00,17-03-2022 00:00,99.95,29.88,40.09,0.75
1536,17-03-2022 00:00,18-03-2022 00:00,128.08,29.12,37.48,1.21
1537,18-03-2022 00:00,19-03-2022 00:00,149.4,23.89,35.48,1.5
1538,19-03-2022 00:00,20-03-2022 00:00,111.67,23.42,39.71,1.34
1539,20-03-2022 00:00,21-03-2022 00:00,128.01,28.21,61.58,1.14
1540,21-03-2022 00:00,22-03-2022 00:00,141.69,23.15,41.94,0.97
1541,22-03-2022 00:00,23-03-2022 00:00,77.88,23.76,29.29,0.63
1542,23-03-2022 00:00,24-03-2022 00:00,103.38,27.86,43.33,0.74
1543,24-03-2022 00:00,25-03-2022 00:00,128.99,29.49,52.77,0.91
1544,25-03-2022 00:00,26-03-2022 00:00,93.47,26.55,38.08,0.69
1545,26-03-2022 00:00,27-03-2022 00:00,68.16,29.96,33.86,0.55
1546,27-03-2022 00:00,28-03-2022 00:00,78.54,30.84,40.28,0.62
1547,28-03-2022 00:00,29-03-2022 00:00,133.32,45.73,61.51,0.84
1548,29-03-2022 00:00,30-03-2022 00:00,112.39,41.07,49.69,0.8
1549,30-03-2022 00:00,31-03-2022 00:00,141.43,43.29,71.95,0.96
1550,31-03-2022 00:00,01-04-2022 00:00,152.68,31.88,55.13,0.91
1551,01-04-2022 00:00,02-04-2022 00:00,80.14,26.14,38.37,0.62
1552,02-04-2022 00:00,03-04-2022 00:00,117.99,47.0,50.58,0.9
1553,03-04-2022 00:00,04-04-2022 00:00,111.61,38.44,51.78,0.95
1554,04-04-2022 00:00,05-04-2022 00:00,96.43,45.38,59.43,0.84
1555,05-04-2022 00:00,06-04-2022 00:00,101.86,41.23,51.14,0.79
1556,06-04-2022 00:00,07-04-2022 00:00,105.44,42.52,49.68,0.78
1557,07-04-2022 00:00,08-04-2022 00:00,126.29,49.79,53.73,0.81
1558,08-04-2022 00:00,09-04-2022 00:00,137.33,56.7,62.59,1.05
1559,09-04-2022 00:00,10-04-2022 00:00,156.66,54.34,72.2,1.18
1560,10-04-2022 00:00,11-04-2022 00:00,158.11,32.5,42.26,0.87
1561,11-04-2022 00:00,12-04-2022 00:00,80.15,44.29,87.75,0.9
1562,12-04-2022 00:00,13-04-2022 00:00,156.91,53.09,69.06,1.05
1563,13-04-2022 00:00,14-04-2022 00:00,171.43,40.09,71.49,1.06
1564,14-04-2022 00:00,15-04-2022 00:00,80.8,28.8,50.36,0.79
1565,15-04-2022 00:00,16-04-2022 00:00,50.18,27.43,34.16,0.71
1566,16-04-2022 00:00,17-04-2022 00:00,92.2,35.21,40.62,0.84
1567,17-04-2022 00:00,18-04-2022 00:00,83.92,40.94,55.56,0.91
1568,18-04-2022 00:00,19-04-2022 00:00,116.91,34.31,80.05,0.97
1569,19-04-2022 00:00,20-04-2022 00:00,82.94,37.74,64.97,0.86
1570,20-04-2022 00:00,21-04-2022 00:00,91.41,39.65,53.3,0.71
1571,21-04-2022 00:00,22-04-2022 00:00,119.03,35.38,60.31,0.74
1572,22-04-2022 00:00,23-04-2022 00:00,42.42,5.78,3.34,0.53
1573,23-04-2022 00:00,24-04-2022 00:00,39.58,5.33,2.83,0.65
1574,24-04-2022 00:00,25-04-2022 00:00,43.27,4.97,3.14,0.71
1575,25-04-2022 00:00,26-04-2022 00:00,46.75,4.84,2.96,0.71
1576,26-04-2022 00:00,27-04-2022 00:00,90.75,4.86,2.81,0.8
1577,27-04-2022 00:00,28-04-2022 00:00,65.2,5.07,2.91,1.08
1578,28-04-2022 00:00,29-04-2022 00:00,66.58,4.95,2.99,1.13
1579,29-04-2022 00:00,30-04-2022 00:00,60.95,4.9,2.42,1.09
1580,30-04-2022 00:00,01-05-2022 00:00,55.43,4.78,3.25,1.09
1581,01-05-2022 00:00,02-05-2022 00:00,52.83,4.92,2.87,1.14
1582,02-05-2022 00:00,03-05-2022 00:00,30.92,5.04,3.0,0.7
1583,03-05-2022 00:00,04-05-2022 00:00,48.46,5.24,2.81,0.74
1584,04-05-2022 00:00,05-05-2022 00:00,37.43,4.63,2.66,0.67
1585,05-05-2022 00:00,06-05-2022 00:00,35.69,4.75,4.57,0.75
1586,06-05-2022 00:00,07-05-2022 00:00,52.52,4.74,3.4,1.08
1587,07-05-2022 00:00,08-05-2022 00:00,46.21,4.89,2.92,1.05
1588,08-05-2022 00:00,09-05-2022 00:00,39.5,4.72,2.49,1.11
1589,09-05-2022 00:00,10-05-2022 00:00,46.32,5.01,2.61,0.79
1590,10-05-2022 00:00,11-05-2022 00:00,27.66,4.6,2.76,0.74
1591,11-05-2022 00:00,12-05-2022 00:00,35.42,4.9,3.16,0.85
1592,12-05-2022 00:00,13-05-2022 00:00,44.23,4.93,3.24,0.82
1593,13-05-2022 00:00,14-05-2022 00:00,37.84,4.4,3.12,0.8
1594,14-05-2022 00:00,15-05-2022 00:00,51.94,4.78,2.94,1.08
1595,15-05-2022 00:00,16-05-2022 00:00,52.47,5.13,2.54,1.32
1596,16-05-2022 00:00,17-05-2022 00:00,56.36,5.1,2.34,0.86
1597,17-05-2022 00:00,18-05-2022 00:00,47.14,32.56,28.02,0.84
1598,18-05-2022 00:00,19-05-2022 00:00,54.53,23.75,25.96,0.8
1599,19-05-2022 00:00,20-05-2022 00:00,73.27,33.89,27.24,0.94
1600,20-05-2022 00:00,21-05-2022 00:00,88.34,35.1,40.88,1.12
1601,21-05-2022 00:00,22-05-2022 00:00,56.41,3.3,2.78,0.57
1602,22-05-2022 00:00,23-05-2022 00:00,40.25,3.06,2.57,0.58
1603,23-05-2022 00:00,24-05-2022 00:00,6.48,3.39,2.25,0.41
1604,24-05-2022 00:00,25-05-2022 00:00,14.24,3.1,2.54,0.42
1605,25-05-2022 00:00,26-05-2022 00:00,17.18,3.05,2.13,0.52
1606,26-05-2022 00:00,27-05-2022 00:00,30.3,3.57,2.71,0.72
1607,27-05-2022 00:00,28-05-2022 00:00,43.44,4.14,2.91,0.92
1608,28-05-2022 00:00,29-05-2022 00:00,60.84,4.42,2.74,0.79
1609,29-05-2022 00:00,30-05-2022 00:00,41.27,3.64,2.4,0.69
1610,30-05-2022 00:00,31-05-2022 00:00,44.44,4.05,2.29,0.66
1611,31-05-2022 00:00,01-06-2022 00:00,51.03,4.24,2.51,0.64
1612,01-06-2022 00:00,02-06-2022 00:00,55.46,3.95,3.07,0.69
1613,02-06-2022 00:00,03-06-2022 00:00,38.86,3.61,3.1,0.77
1614,03-06-2022 00:00,04-06-2022 00:00,52.26,3.89,3.61,0.7
1615,04-06-2022 00:00,05-06-2022 00:00,36.71,4.01,2.7,0.94
1616,05-06-2022 00:00,06-06-2022 00:00,52.69,4.22,2.66,1.39
1617,06-06-2022 00:00,07-06-2022 00:00,53.55,4.15,2.58,1.29
1618,07-06-2022 00:00,08-06-2022 00:00,57.74,4.07,2.71,1.25
1619,08-06-2022 00:00,09-06-2022 00:00,67.38,3.89,2.97,1.02
1620,09-06-2022 00:00,10-06-2022 00:00,58.75,3.87,2.73,0.71
1621,10-06-2022 00:00,11-06-2022 00:00,53.24,3.95,2.9,0.62
1622,11-06-2022 00:00,12-06-2022 00:00,43.45,3.79,2.92,0.65
1623,12-06-2022 00:00,13-06-2022 00:00,41.97,3.61,3.34,0.56
1624,13-06-2022 00:00,14-06-2022 00:00,67.8,3.87,3.26,0.63
1625,14-06-2022 00:00,15-06-2022 00:00,75.46,54.1,30.58,0.56
1626,15-06-2022 00:00,16-06-2022 00:00,45.8,3.32,3.54,0.58
1627,16-06-2022 00:00,17-06-2022 00:00,24.08,3.46,4.15,0.64
1628,17-06-2022 00:00,18-06-2022 00:00,26.53,3.5,3.73,0.84
1629,18-06-2022 00:00,19-06-2022 00:00,29.14,4.2,4.28,1.04
1630,19-06-2022 00:00,20-06-2022 00:00,16.41,3.51,3.4,0.87
1631,20-06-2022 00:00,21-06-2022 00:00,19.65,3.59,2.91,0.88
1632,21-06-2022 00:00,22-06-2022 00:00,14.72,3.49,2.53,1.06
1633,22-06-2022 00:00,23-06-2022 00:00,25.79,3.98,2.78,0.79
1634,23-06-2022 00:00,24-06-2022 00:00,43.74,3.79,2.58,0.47
1635,24-06-2022 00:00,25-06-2022 00:00,40.34,3.28,2.4,0.51
1636,25-06-2022 00:00,26-06-2022 00:00,43.93,3.52,2.27,0.92
1637,26-06-2022 00:00,27-06-2022 00:00,35.69,3.66,1.98,0.79
1638,27-06-2022 00:00,28-06-2022 00:00,25.62,4.0,2.5,0.68
1639,28-06-2022 00:00,29-06-2022 00:00,29.55,3.98,3.26,0.89
1640,29-06-2022 00:00,30-06-2022 00:00,29.48,3.27,2.41,0.92
1641,30-06-2022 00:00,01-07-2022 00:00,14.34,2.88,2.26,0.6
1642,01-07-2022 00:00,02-07-2022 00:00,13.16,2.89,2.51,0.64
1643,02-07-2022 00:00,03-07-2022 00:00,11.87,3.03,2.24,0.76
1644,03-07-2022 00:00,04-07-2022 00:00,11.28,2.8,1.9,0.56
1645,04-07-2022 00:00,05-07-2022 00:00,17.76,3.01,1.9,0.79
1646,05-07-2022 00:00,06-07-2022 00:00,22.53,3.09,1.85,0.77
1647,06-07-2022 00:00,07-07-2022 00:00,17.99,2.86,2.21,0.88
1648,07-07-2022 00:00,08-07-2022 00:00,26.78,21.39,18.76,1.17
1649,08-07-2022 00:00,09-07-2022 00:00,12.56,3.02,2.51,0.69
1650,09-07-2022 00:00,10-07-2022 00:00,11.07,3.02,2.21,0.72
1651,10-07-2022 00:00,11-07-2022 00:00,9.81,2.67,1.99,0.64
1652,11-07-2022 00:00,12-07-2022 00:00,9.34,2.75,2.23,0.83
1653,12-07-2022 00:00,13-07-2022 00:00,14.69,2.71,1.85,0.7
1654,13-07-2022 00:00,14-07-2022 00:00,13.89,2.91,2.34,0.89
1655,14-07-2022 00:00,15-07-2022 00:00,9.31,2.77,2.39,0.58
1656,15-07-2022 00:00,16-07-2022 00:00,12.0,2.63,1.73,0.67
1657,16-07-2022 00:00,17-07-2022 00:00,6.46,2.66,1.68,0.43
1658,17-07-2022 00:00,18-07-2022 00:00,11.33,2.78,1.86,0.41
1659,18-07-2022 00:00,19-07-2022 00:00,15.69,3.05,2.41,0.77
1660,19-07-2022 00:00,20-07-2022 00:00,18.88,2.88,1.84,0.73
1661,20-07-2022 00:00,21-07-2022 00:00,10.5,2.63,1.78,0.5
1662,21-07-2022 00:00,22-07-2022 00:00,12.49,2.68,1.67,0.52
1663,22-07-2022 00:00,23-07-2022 00:00,9.37,2.72,1.62,0.67
1664,23-07-2022 00:00,24-07-2022 00:00,11.58,2.66,1.94,0.51
1665,24-07-2022 00:00,25-07-2022 00:00,8.08,2.57,1.61,0.45
1666,25-07-2022 00:00,26-07-2022 00:00,7.11,2.72,1.57,0.57
1667,26-07-2022 00:00,27-07-2022 00:00,8.18,2.54,1.46,0.6
1668,27-07-2022 00:00,28-07-2022 00:00,10.24,2.69,1.74,0.56
1669,28-07-2022 00:00,29-07-2022 00:00,14.29,2.65,1.66,0.5
1670,29-07-2022 00:00,30-07-2022 00:00,8.73,2.54,1.31,0.55
1671,30-07-2022 00:00,31-07-2022 00:00,17.82,2.6,1.5,0.51
1672,31-07-2022 00:00,01-08-2022 00:00,11.98,18.28,22.46,0.61
1673,01-08-2022 00:00,02-08-2022 00:00,21.53,21.37,27.43,0.57
1674,02-08-2022 00:00,03-08-2022 00:00,40.5,14.48,20.75,0.49
1675,03-08-2022 00:00,04-08-2022 00:00,62.96,18.9,22.19,0.83
1676,04-08-2022 00:00,05-08-2022 00:00,6.96,3.22,2.7,0.53
1677,05-08-2022 00:00,06-08-2022 00:00,12.36,3.47,2.42,0.58
1678,06-08-2022 00:00,07-08-2022 00:00,15.34,3.23,2.13,0.55
1679,07-08-2022 00:00,08-08-2022 00:00,11.86,2.89,1.62,0.64
1680,08-08-2022 00:00,09-08-2022 00:00,10.26,3.05,2.23,0.89
1681,09-08-2022 00:00,10-08-2022 00:00,12.57,3.18,1.74,0.72
1682,10-08-2022 00:00,11-08-2022 00:00,13.1,3.12,1.77,0.68
1683,11-08-2022 00:00,12-08-2022 00:00,14.51,4.05,2.0,0.5
1684,12-08-2022 00:00,13-08-2022 00:00,9.52,3.33,1.59,0.56
1685,13-08-2022 00:00,14-08-2022 00:00,12.29,3.55,1.63,0.67
1686,14-08-2022 00:00,15-08-2022 00:00,11.29,3.72,1.63,0.61
